 K=  1
  0.000E+00  0.000E+00  8.700E+00  1.125E+01  1.290E+01  1.445E+01
  1.395E+01  1.145E+01  9.100E+00  7.080E+00  5.120E+00  3.060E+00
  2.220E+00  1.520E+00  1.050E+00  8.200E-01  0.000E+00  0.000E+00
  0.000E+00  0.000E+00  0.000E+00  0.000E+00  0.000E+00  0.000E+00
  0.000E+00  0.000E+00  0.000E+00  0.000E+00  0.000E+00  0.000E+00

 K=  2
  0.000E+00  0.000E+00  9.500E+00  1.235E+01  1.470E+01  1.645E+01
  1.610E+01  1.345E+01  1.070E+01  8.170E+00  6.130E+00  3.590E+00
  2.550E+00  1.850E+00  1.300E+00  9.200E-01  0.000E+00  0.000E+00
  0.000E+00  0.000E+00  0.000E+00  0.000E+00  0.000E+00  0.000E+00
  0.000E+00  0.000E+00  0.000E+00  0.000E+00  0.000E+00  0.000E+00

 K=  3
  0.000E+00  0.000E+00  1.050E+01  1.405E+01  1.760E+01  1.955E+01
  1.970E+01  1.645E+01  1.320E+01  1.000E+01  7.700E+00  4.550E+00
  3.100E+00  2.400E+00  1.750E+00  1.110E+00  0.000E+00  0.000E+00
  0.000E+00  0.000E+00  0.000E+00  0.000E+00  0.000E+00  0.000E+00
  0.000E+00  0.000E+00  0.000E+00  0.000E+00  0.000E+00  0.000E+00

 K=  4
  0.000E+00  0.000E+00  1.140E+01  1.590E+01  2.090E+01  2.300E+01
  2.345E+01  1.980E+01  1.600E+01  1.230E+01  9.600E+00  5.950E+00
  3.900E+00  3.130E+00  2.380E+00  1.440E+00  0.000E+00  0.000E+00
  0.000E+00  0.000E+00  0.000E+00  0.000E+00  0.000E+00  0.000E+00
  0.000E+00  0.000E+00  0.000E+00  0.000E+00  0.000E+00  0.000E+00

 K=  5
  0.000E+00  0.000E+00  1.190E+01  1.730E+01  2.360E+01  2.610E+01
  2.670E+01  2.370E+01  1.935E+01  1.540E+01  1.245E+01  8.000E+00
  5.330E+00  4.270E+00  3.420E+00  2.060E+00  0.000E+00  0.000E+00
  0.000E+00  0.000E+00  0.000E+00  0.000E+00  0.000E+00  0.000E+00
  0.000E+00  0.000E+00  0.000E+00  0.000E+00  0.000E+00  0.000E+00

 K=  6
  0.000E+00  0.000E+00  1.200E+01  1.790E+01  2.480E+01  2.770E+01
  2.860E+01  2.640E+01  2.200E+01  1.800E+01  1.500E+01  9.950E+00
  6.790E+00  5.410E+00  4.470E+00  2.690E+00  0.000E+00  0.000E+00
  0.000E+00  0.000E+00  0.000E+00  0.000E+00  0.000E+00  0.000E+00
  0.000E+00  0.000E+00  0.000E+00  0.000E+00  0.000E+00  0.000E+00

 K=  7
  0.000E+00  0.000E+00  1.200E+01  1.800E+01  2.500E+01  2.800E+01
  2.900E+01  2.700E+01  2.280E+01  1.880E+01  1.580E+01  1.070E+01
  7.320E+00  5.840E+00  4.860E+00  2.920E+00  0.000E+00  0.000E+00
  0.000E+00  0.000E+00  0.000E+00  0.000E+00  0.000E+00  0.000E+00
  0.000E+00  0.000E+00  0.000E+00  0.000E+00  0.000E+00  0.000E+00

 K=  8
  0.000E+00  0.000E+00  1.200E+01  1.800E+01  2.500E+01  2.800E+01
  2.900E+01  2.700E+01  2.300E+01  1.900E+01  1.600E+01  1.100E+01
  7.500E+00  6.000E+00  5.000E+00  3.000E+00  0.000E+00  0.000E+00
  0.000E+00  0.000E+00  0.000E+00  0.000E+00  0.000E+00  0.000E+00
  0.000E+00  0.000E+00  0.000E+00  0.000E+00  0.000E+00  0.000E+00

 K=  9
  0.000E+00  0.000E+00  1.200E+01  1.800E+01  2.500E+01  2.800E+01
  2.900E+01  2.700E+01  2.300E+01  1.900E+01  1.600E+01  1.100E+01
  7.500E+00  6.000E+00  5.000E+00  3.000E+00  0.000E+00  0.000E+00
  0.000E+00  0.000E+00  0.000E+00  0.000E+00  0.000E+00  0.000E+00
  0.000E+00  0.000E+00  0.000E+00  0.000E+00  0.000E+00  0.000E+00

 K=  1
  0.000E+00  0.000E+00  8.700E+00  1.125E+01  1.290E+01  1.445E+01
  1.395E+01  1.145E+01  9.100E+00  7.080E+00  5.120E+00  3.060E+00
  2.220E+00  1.520E+00  1.050E+00  8.200E-01  4.100E-01  0.000E+00
  0.000E+00  0.000E+00  0.000E+00  0.000E+00  0.000E+00  0.000E+00
  0.000E+00  0.000E+00  0.000E+00  0.000E+00  0.000E+00  0.000E+00

 K=  2
  0.000E+00  0.000E+00  9.500E+00  1.235E+01  1.470E+01  1.645E+01
  1.610E+01  1.345E+01  1.070E+01  8.170E+00  6.130E+00  3.590E+00
  2.550E+00  1.850E+00  1.300E+00  9.200E-01  4.600E-01  0.000E+00
  0.000E+00  0.000E+00  0.000E+00  0.000E+00  0.000E+00  0.000E+00
  0.000E+00  0.000E+00  0.000E+00  0.000E+00  0.000E+00  0.000E+00

 K=  3
  0.000E+00  0.000E+00  1.050E+01  1.415E+01  1.770E+01  1.975E+01
  2.010E+01  1.695E+01  1.360E+01  1.030E+01  7.900E+00  4.700E+00
  3.200E+00  2.430E+00  1.760E+00  1.160E+00  5.600E-01  0.000E+00
  0.000E+00  0.000E+00  0.000E+00  0.000E+00  0.000E+00  0.000E+00
  0.000E+00  0.000E+00  0.000E+00  0.000E+00  0.000E+00  0.000E+00

 K=  4
  0.000E+00  0.000E+00  1.150E+01  1.650E+01  2.170E+01  2.440E+01
  2.575E+01  2.230E+01  1.810E+01  1.390E+01  1.070E+01  6.900E+00
  4.540E+00  3.430E+00  2.490E+00  1.680E+00  8.100E-01  0.000E+00
  0.000E+00  0.000E+00  0.000E+00  0.000E+00  0.000E+00  0.000E+00
  0.000E+00  0.000E+00  0.000E+00  0.000E+00  0.000E+00  0.000E+00

 K=  5
  0.000E+00  0.000E+00  1.240E+01  1.870E+01  2.630E+01  3.030E+01
  3.230E+01  2.900E+01  2.415E+01  1.930E+01  1.535E+01  1.090E+01
  7.340E+00  5.710E+00  4.140E+00  2.820E+00  1.680E+00  0.000E+00
  0.000E+00  0.000E+00  0.000E+00  0.000E+00  0.000E+00  0.000E+00
  0.000E+00  0.000E+00  0.000E+00  0.000E+00  0.000E+00  0.000E+00

 K=  6
  0.000E+00  0.000E+00  1.290E+01  1.980E+01  3.000E+01  3.530E+01
  3.780E+01  3.540E+01  3.040E+01  2.540E+01  2.090E+01  1.600E+01
  1.110E+01  9.160E+00  6.760E+00  4.900E+00  3.380E+00  0.000E+00
  0.000E+00  0.000E+00  0.000E+00  0.000E+00  0.000E+00  0.000E+00
  0.000E+00  0.000E+00  0.000E+00  0.000E+00  0.000E+00  0.000E+00

 K=  7
  0.000E+00  0.000E+00  1.300E+01  2.000E+01  3.140E+01  3.720E+01
  4.000E+01  3.840E+01  3.340E+01  2.840E+01  2.360E+01  1.860E+01
  1.300E+01  1.100E+01  8.200E+00  6.200E+00  4.400E+00  0.000E+00
  0.000E+00  0.000E+00  0.000E+00  0.000E+00  0.000E+00  0.000E+00
  0.000E+00  0.000E+00  0.000E+00  0.000E+00  0.000E+00  0.000E+00

 K=  8
  0.000E+00  0.000E+00  1.300E+01  2.000E+01  3.200E+01  3.800E+01
  4.100E+01  4.000E+01  3.500E+01  3.000E+01  2.500E+01  2.000E+01
  1.400E+01  1.200E+01  9.000E+00  7.000E+00  5.000E+00  0.000E+00
  0.000E+00  0.000E+00  0.000E+00  0.000E+00  0.000E+00  0.000E+00
  0.000E+00  0.000E+00  0.000E+00  0.000E+00  0.000E+00  0.000E+00

 K=  9
  0.000E+00  0.000E+00  1.300E+01  2.000E+01  3.200E+01  3.800E+01
  4.100E+01  4.000E+01  3.500E+01  3.000E+01  2.500E+01  2.000E+01
  1.400E+01  1.200E+01  9.000E+00  7.000E+00  5.000E+00  0.000E+00
  0.000E+00  0.000E+00  0.000E+00  0.000E+00  0.000E+00  0.000E+00
  0.000E+00  0.000E+00  0.000E+00  0.000E+00  0.000E+00  0.000E+00

