 MONTH =    1
 0.162347E+04 0.120522E+04 0.669345E+03 0.152939E+03 0.353428E+02 0.840028E+01
 0.533149E+01 0.499253E+01 0.453765E+01 0.451684E+01 0.482162E+01 0.511197E+01
 0.538758E+01 0.537503E+01 0.523716E+01 0.518089E+01 0.508032E+01 0.499305E+01
 0.496001E+01 0.500437E+01 0.502240E+01 0.496983E+01 0.487492E+01 0.487492E+01
 0.487492E+01 0.487492E+01 0.487492E+01 0.487492E+01 0.487492E+01 0.487492E+01
 0.323517E+04 0.216449E+04 0.104980E+04 0.205942E+03 0.414954E+02 0.840477E+01
 0.533149E+01 0.499253E+01 0.453765E+01 0.451684E+01 0.482162E+01 0.511197E+01
 0.538758E+01 0.537503E+01 0.523716E+01 0.518089E+01 0.508032E+01 0.499305E+01
 0.496001E+01 0.500437E+01 0.502240E+01 0.496983E+01 0.487492E+01 0.487492E+01
 0.487492E+01 0.487492E+01 0.487492E+01 0.487492E+01 0.487492E+01 0.487492E+01
 0.594907E+04 0.372251E+04 0.167267E+04 0.244808E+03 0.363242E+02 0.536274E+01
 0.533149E+01 0.499253E+01 0.453765E+01 0.451684E+01 0.482162E+01 0.511197E+01
 0.538758E+01 0.537503E+01 0.523716E+01 0.518089E+01 0.508032E+01 0.499305E+01
 0.496001E+01 0.500437E+01 0.502240E+01 0.496983E+01 0.487492E+01 0.487492E+01
 0.487492E+01 0.487492E+01 0.487492E+01 0.487492E+01 0.487492E+01 0.487492E+01
 0.881475E+04 0.545519E+04 0.276143E+04 0.348768E+03 0.448425E+02 0.578211E+01
 0.542868E+01 0.477808E+01 0.421950E+01 0.417971E+01 0.447811E+01 0.479878E+01
 0.511100E+01 0.516306E+01 0.508346E+01 0.507336E+01 0.500191E+01 0.495371E+01
 0.498825E+01 0.508655E+01 0.517428E+01 0.517268E+01 0.511829E+01 0.511829E+01
 0.511829E+01 0.511829E+01 0.511829E+01 0.511829E+01 0.511829E+01 0.511829E+01
 0.124247E+05 0.765978E+04 0.372349E+04 0.459402E+03 0.569108E+02 0.716791E+01
 0.622957E+01 0.458368E+01 0.347676E+01 0.339604E+01 0.380310E+01 0.428009E+01
 0.470097E+01 0.483526E+01 0.482715E+01 0.487219E+01 0.484883E+01 0.487241E+01
 0.499738E+01 0.517453E+01 0.537842E+01 0.550221E+01 0.566438E+01 0.566438E+01
 0.566438E+01 0.566438E+01 0.566438E+01 0.566438E+01 0.566438E+01 0.566438E+01
 0.156388E+05 0.933959E+04 0.475222E+04 0.574115E+03 0.698582E+02 0.867192E+01
 0.731798E+01 0.463109E+01 0.286393E+01 0.260189E+01 0.312697E+01 0.379898E+01
 0.437051E+01 0.460695E+01 0.464791E+01 0.471841E+01 0.471939E+01 0.477469E+01
 0.497844E+01 0.523887E+01 0.562075E+01 0.590759E+01 0.633195E+01 0.633195E+01
 0.633195E+01 0.633195E+01 0.633195E+01 0.633195E+01 0.633195E+01 0.633195E+01
 0.189078E+05 0.110635E+05 0.573479E+04 0.655456E+03 0.753401E+02 0.890086E+01
 0.752542E+01 0.459538E+01 0.266570E+01 0.205525E+01 0.254675E+01 0.336538E+01
 0.403576E+01 0.433203E+01 0.443611E+01 0.452137E+01 0.449401E+01 0.453258E+01
 0.469858E+01 0.498480E+01 0.538032E+01 0.575240E+01 0.626185E+01 0.626185E+01
 0.626185E+01 0.626185E+01 0.626185E+01 0.626185E+01 0.626185E+01 0.626185E+01
 0.205826E+05 0.120200E+05 0.616924E+04 0.682502E+03 0.755177E+02 0.857991E+01
 0.767056E+01 0.505027E+01 0.300753E+01 0.228244E+01 0.244421E+01 0.300190E+01
 0.372155E+01 0.408840E+01 0.422209E+01 0.431065E+01 0.424695E+01 0.420668E+01
 0.430899E+01 0.458649E+01 0.492550E+01 0.525728E+01 0.568832E+01 0.568832E+01
 0.568832E+01 0.568832E+01 0.568832E+01 0.568832E+01 0.568832E+01 0.568832E+01
 0.209142E+05 0.124560E+05 0.657284E+04 0.742113E+03 0.830931E+02 0.955429E+01
 0.910238E+01 0.563533E+01 0.351243E+01 0.273060E+01 0.263747E+01 0.283160E+01
 0.343281E+01 0.379186E+01 0.393026E+01 0.407554E+01 0.410925E+01 0.417485E+01
 0.435136E+01 0.458852E+01 0.488028E+01 0.515166E+01 0.552745E+01 0.552745E+01
 0.552745E+01 0.552745E+01 0.552745E+01 0.552745E+01 0.552745E+01 0.552745E+01
 0.218096E+05 0.124481E+05 0.628996E+04 0.690222E+03 0.739384E+02 0.822395E+01
 0.731911E+01 0.460276E+01 0.323883E+01 0.245316E+01 0.248448E+01 0.275933E+01
 0.337744E+01 0.375891E+01 0.391317E+01 0.406880E+01 0.413747E+01 0.431037E+01
 0.457577E+01 0.484149E+01 0.518329E+01 0.547349E+01 0.592270E+01 0.592270E+01
 0.592270E+01 0.592270E+01 0.592270E+01 0.592270E+01 0.592270E+01 0.592270E+01
 0.204110E+05 0.111639E+05 0.536820E+04 0.634719E+03 0.742880E+02 0.904668E+01
 0.725822E+01 0.414698E+01 0.265462E+01 0.186115E+01 0.231759E+01 0.305703E+01
 0.375758E+01 0.412281E+01 0.421078E+01 0.419271E+01 0.417754E+01 0.430047E+01
 0.453975E+01 0.495454E+01 0.543199E+01 0.589995E+01 0.647154E+01 0.647154E+01
 0.647154E+01 0.647154E+01 0.647154E+01 0.647154E+01 0.647154E+01 0.647154E+01
 0.156070E+05 0.848488E+04 0.421600E+04 0.544507E+03 0.703783E+02 0.933659E+01
 0.758750E+01 0.469096E+01 0.290503E+01 0.235399E+01 0.284388E+01 0.361278E+01
 0.423922E+01 0.450935E+01 0.449966E+01 0.442314E+01 0.432508E+01 0.440631E+01
 0.458560E+01 0.491888E+01 0.533535E+01 0.572301E+01 0.621798E+01 0.621798E+01
 0.621798E+01 0.621798E+01 0.621798E+01 0.621798E+01 0.621798E+01 0.621798E+01
 0.112009E+05 0.599300E+04 0.292718E+04 0.420078E+03 0.609713E+02 0.898197E+01
 0.731139E+01 0.522489E+01 0.383699E+01 0.358557E+01 0.378513E+01 0.414528E+01
 0.455527E+01 0.472048E+01 0.462541E+01 0.455160E+01 0.449964E+01 0.461211E+01
 0.480082E+01 0.497043E+01 0.515708E+01 0.533149E+01 0.561601E+01 0.561601E+01
 0.561601E+01 0.561601E+01 0.561601E+01 0.561601E+01 0.561601E+01 0.561601E+01
 0.730730E+04 0.408197E+04 0.197460E+04 0.311535E+03 0.491811E+02 0.781411E+01
 0.668223E+01 0.560592E+01 0.464882E+01 0.432853E+01 0.433313E+01 0.445977E+01
 0.474987E+01 0.481344E+01 0.475363E+01 0.469092E+01 0.463333E+01 0.461373E+01
 0.472186E+01 0.492034E+01 0.506987E+01 0.516584E+01 0.535196E+01 0.535196E+01
 0.535196E+01 0.535196E+01 0.535196E+01 0.535196E+01 0.535196E+01 0.535196E+01
 0.402141E+04 0.236702E+04 0.123099E+04 0.226632E+03 0.418507E+02 0.770540E+01
 0.697780E+01 0.612046E+01 0.514699E+01 0.477653E+01 0.468917E+01 0.469030E+01
 0.487256E+01 0.494775E+01 0.490107E+01 0.488304E+01 0.481155E+01 0.474585E+01
 0.480546E+01 0.485041E+01 0.486454E+01 0.485522E+01 0.483534E+01 0.483534E+01
 0.483534E+01 0.483534E+01 0.483534E+01 0.483534E+01 0.483534E+01 0.483534E+01
 0.248374E+04 0.146517E+04 0.679243E+03 0.155539E+03 0.352483E+02 0.800849E+01
 0.745113E+01 0.652758E+01 0.537317E+01 0.478599E+01 0.473117E+01 0.480728E+01
 0.500387E+01 0.507869E+01 0.509470E+01 0.508768E+01 0.497798E+01 0.489612E+01
 0.491301E+01 0.487167E+01 0.483654E+01 0.479334E+01 0.476927E+01 0.476927E+01
 0.476927E+01 0.476927E+01 0.476927E+01 0.476927E+01 0.476927E+01 0.476927E+01
 0.154749E+04 0.874124E+03 0.397401E+03 0.110644E+03 0.300002E+02 0.831951E+01
 0.745113E+01 0.652758E+01 0.537317E+01 0.478599E+01 0.473117E+01 0.480728E+01
 0.500387E+01 0.507869E+01 0.509470E+01 0.508768E+01 0.497798E+01 0.489612E+01
 0.491301E+01 0.487167E+01 0.483654E+01 0.479334E+01 0.476927E+01 0.476927E+01
 0.476927E+01 0.476927E+01 0.476927E+01 0.476927E+01 0.476927E+01 0.476927E+01
 0.551014E+03 0.398579E+03 0.238919E+03 0.790879E+02 0.257901E+02 0.862388E+01
 0.745113E+01 0.652758E+01 0.537317E+01 0.478599E+01 0.473117E+01 0.480728E+01
 0.500387E+01 0.507869E+01 0.509470E+01 0.508768E+01 0.497798E+01 0.489612E+01
 0.491301E+01 0.487167E+01 0.483654E+01 0.479334E+01 0.476927E+01 0.476927E+01
 0.476927E+01 0.476927E+01 0.476927E+01 0.476927E+01 0.476927E+01 0.476927E+01
 MONTH =    2
 0.134985E+04 0.991725E+03 0.551417E+03 0.140264E+03 0.360264E+02 0.950664E+01
 0.573219E+01 0.520988E+01 0.469655E+01 0.462158E+01 0.483750E+01 0.509408E+01
 0.533680E+01 0.533581E+01 0.520294E+01 0.515194E+01 0.502917E+01 0.493978E+01
 0.490795E+01 0.490831E+01 0.494722E+01 0.490378E+01 0.484244E+01 0.484244E+01
 0.484244E+01 0.484244E+01 0.484244E+01 0.484244E+01 0.484244E+01 0.484244E+01
 0.277307E+04 0.184264E+04 0.872630E+03 0.188755E+03 0.416319E+02 0.924664E+01
 0.573219E+01 0.520988E+01 0.469655E+01 0.462158E+01 0.483750E+01 0.509408E+01
 0.533680E+01 0.533581E+01 0.520294E+01 0.515194E+01 0.502917E+01 0.493978E+01
 0.490795E+01 0.490831E+01 0.494722E+01 0.490378E+01 0.484244E+01 0.484244E+01
 0.484244E+01 0.484244E+01 0.484244E+01 0.484244E+01 0.484244E+01 0.484244E+01
 0.536444E+04 0.326490E+04 0.140876E+04 0.228217E+03 0.374202E+02 0.610585E+01
 0.573219E+01 0.520988E+01 0.469655E+01 0.462158E+01 0.483750E+01 0.509408E+01
 0.533680E+01 0.533581E+01 0.520294E+01 0.515194E+01 0.502917E+01 0.493978E+01
 0.490795E+01 0.490831E+01 0.494722E+01 0.490378E+01 0.484244E+01 0.484244E+01
 0.484244E+01 0.484244E+01 0.484244E+01 0.484244E+01 0.484244E+01 0.484244E+01
 0.816004E+04 0.490311E+04 0.238919E+04 0.333461E+03 0.471901E+02 0.667214E+01
 0.603839E+01 0.505390E+01 0.433270E+01 0.426881E+01 0.453614E+01 0.482695E+01
 0.510584E+01 0.516006E+01 0.509272E+01 0.506746E+01 0.497210E+01 0.491481E+01
 0.491272E+01 0.498207E+01 0.508895E+01 0.514220E+01 0.513127E+01 0.513127E+01
 0.513127E+01 0.513127E+01 0.513127E+01 0.513127E+01 0.513127E+01 0.513127E+01
 0.116400E+05 0.697632E+04 0.330365E+04 0.441016E+03 0.589914E+02 0.796479E+01
 0.685388E+01 0.475050E+01 0.349291E+01 0.342885E+01 0.387035E+01 0.435260E+01
 0.478222E+01 0.488650E+01 0.485076E+01 0.487937E+01 0.480954E+01 0.481338E+01
 0.490246E+01 0.505169E+01 0.525447E+01 0.535200E+01 0.558658E+01 0.558658E+01
 0.558658E+01 0.558658E+01 0.558658E+01 0.558658E+01 0.558658E+01 0.558658E+01
 0.148769E+05 0.866490E+04 0.430159E+04 0.549893E+03 0.707970E+02 0.923261E+01
 0.733270E+01 0.467802E+01 0.292448E+01 0.261541E+01 0.314977E+01 0.384842E+01
 0.442271E+01 0.466142E+01 0.468590E+01 0.471555E+01 0.463819E+01 0.465482E+01
 0.478312E+01 0.502311E+01 0.536694E+01 0.562421E+01 0.595941E+01 0.595941E+01
 0.595941E+01 0.595941E+01 0.595941E+01 0.595941E+01 0.595941E+01 0.595941E+01
 0.183870E+05 0.105290E+05 0.534573E+04 0.636125E+03 0.759951E+02 0.930437E+01
 0.756611E+01 0.443311E+01 0.268178E+01 0.203965E+01 0.246231E+01 0.330214E+01
 0.395901E+01 0.425111E+01 0.437360E+01 0.443878E+01 0.439155E+01 0.440585E+01
 0.454691E+01 0.475642E+01 0.510395E+01 0.543191E+01 0.586455E+01 0.586455E+01
 0.586455E+01 0.586455E+01 0.586455E+01 0.586455E+01 0.586455E+01 0.586455E+01
 0.203684E+05 0.117769E+05 0.594521E+04 0.681700E+03 0.778827E+02 0.917092E+01
 0.803421E+01 0.495108E+01 0.287915E+01 0.217906E+01 0.238724E+01 0.289341E+01
 0.356659E+01 0.393578E+01 0.407492E+01 0.422802E+01 0.425201E+01 0.426457E+01
 0.434924E+01 0.458868E+01 0.486973E+01 0.516650E+01 0.562368E+01 0.562368E+01
 0.562368E+01 0.562368E+01 0.562368E+01 0.562368E+01 0.562368E+01 0.562368E+01
 0.209028E+05 0.124035E+05 0.649321E+04 0.720426E+03 0.791170E+02 0.893909E+01
 0.803147E+01 0.578857E+01 0.353565E+01 0.265556E+01 0.247185E+01 0.279098E+01
 0.342464E+01 0.374902E+01 0.388598E+01 0.408156E+01 0.418256E+01 0.422883E+01
 0.443026E+01 0.466970E+01 0.495106E+01 0.522023E+01 0.569630E+01 0.569630E+01
 0.569630E+01 0.569630E+01 0.569630E+01 0.569630E+01 0.569630E+01 0.569630E+01
 0.220012E+05 0.125804E+05 0.638198E+04 0.724570E+03 0.807567E+02 0.930935E+01
 0.882346E+01 0.536445E+01 0.330230E+01 0.241254E+01 0.236476E+01 0.277169E+01
 0.339926E+01 0.370448E+01 0.386129E+01 0.406191E+01 0.417206E+01 0.429512E+01
 0.456283E+01 0.487481E+01 0.513942E+01 0.538123E+01 0.582178E+01 0.582178E+01
 0.582178E+01 0.582178E+01 0.582178E+01 0.582178E+01 0.582178E+01 0.582178E+01
 0.206425E+05 0.113834E+05 0.553449E+04 0.650407E+03 0.759511E+02 0.919501E+01
 0.772930E+01 0.423577E+01 0.282264E+01 0.185601E+01 0.217319E+01 0.296106E+01
 0.368964E+01 0.400596E+01 0.411428E+01 0.415067E+01 0.409177E+01 0.419924E+01
 0.449609E+01 0.483478E+01 0.527540E+01 0.570824E+01 0.630465E+01 0.630465E+01
 0.630465E+01 0.630465E+01 0.630465E+01 0.630465E+01 0.630465E+01 0.630465E+01
 0.160311E+05 0.885433E+04 0.446397E+04 0.568716E+03 0.727375E+02 0.956347E+01
 0.778289E+01 0.468029E+01 0.284187E+01 0.217772E+01 0.270725E+01 0.354914E+01
 0.423238E+01 0.447894E+01 0.448238E+01 0.443246E+01 0.434671E+01 0.443782E+01
 0.466375E+01 0.492945E+01 0.521841E+01 0.563983E+01 0.606827E+01 0.606827E+01
 0.606827E+01 0.606827E+01 0.606827E+01 0.606827E+01 0.606827E+01 0.606827E+01
 0.116899E+05 0.644708E+04 0.320217E+04 0.441554E+03 0.615851E+02 0.877355E+01
 0.722004E+01 0.525581E+01 0.385228E+01 0.356895E+01 0.382687E+01 0.421741E+01
 0.462891E+01 0.473296E+01 0.467378E+01 0.469455E+01 0.469399E+01 0.473989E+01
 0.489053E+01 0.503668E+01 0.510972E+01 0.519688E+01 0.542408E+01 0.542408E+01
 0.542408E+01 0.542408E+01 0.542408E+01 0.542408E+01 0.542408E+01 0.542408E+01
 0.776173E+04 0.448829E+04 0.223203E+04 0.342093E+03 0.526082E+02 0.819304E+01
 0.699861E+01 0.575932E+01 0.480706E+01 0.449859E+01 0.454627E+01 0.466388E+01
 0.489847E+01 0.487499E+01 0.474581E+01 0.474548E+01 0.472946E+01 0.472632E+01
 0.478768E+01 0.484720E+01 0.487068E+01 0.494611E+01 0.506934E+01 0.506934E+01
 0.506934E+01 0.506934E+01 0.506934E+01 0.506934E+01 0.506934E+01 0.506934E+01
 0.442110E+04 0.268747E+04 0.144320E+04 0.255795E+03 0.456710E+02 0.816903E+01
 0.712473E+01 0.618462E+01 0.527968E+01 0.491646E+01 0.490013E+01 0.494672E+01
 0.513471E+01 0.508033E+01 0.492645E+01 0.489665E+01 0.480270E+01 0.471246E+01
 0.471231E+01 0.471801E+01 0.470897E+01 0.474269E+01 0.484387E+01 0.484387E+01
 0.484387E+01 0.484387E+01 0.484387E+01 0.484387E+01 0.484387E+01 0.484387E+01
 0.280645E+04 0.172112E+04 0.826912E+03 0.175999E+03 0.372477E+02 0.790791E+01
 0.728617E+01 0.648680E+01 0.551861E+01 0.506272E+01 0.500486E+01 0.511272E+01
 0.533164E+01 0.536783E+01 0.517059E+01 0.506109E+01 0.491477E+01 0.481609E+01
 0.471263E+01 0.468932E+01 0.459999E+01 0.452046E+01 0.454405E+01 0.454405E+01
 0.454405E+01 0.454405E+01 0.454405E+01 0.454405E+01 0.454405E+01 0.454405E+01
 0.174784E+04 0.103990E+04 0.497123E+03 0.125476E+03 0.312433E+02 0.791394E+01
 0.728642E+01 0.640882E+01 0.559861E+01 0.527954E+01 0.531078E+01 0.536413E+01
 0.551672E+01 0.545534E+01 0.523489E+01 0.515430E+01 0.500239E+01 0.479089E+01
 0.471601E+01 0.469987E+01 0.455581E+01 0.442907E+01 0.455990E+01 0.455990E+01
 0.455990E+01 0.455990E+01 0.455990E+01 0.455990E+01 0.455990E+01 0.455990E+01
 0.665578E+03 0.510785E+03 0.310892E+03 0.915940E+02 0.267050E+02 0.797308E+01
 0.728642E+01 0.640882E+01 0.559861E+01 0.527954E+01 0.531078E+01 0.536413E+01
 0.551672E+01 0.545534E+01 0.523489E+01 0.515430E+01 0.500239E+01 0.479089E+01
 0.471601E+01 0.469987E+01 0.455581E+01 0.442907E+01 0.455990E+01 0.455990E+01
 0.455990E+01 0.455990E+01 0.455990E+01 0.455990E+01 0.455990E+01 0.455990E+01
 MONTH =    3
 0.109216E+04 0.782041E+03 0.432261E+03 0.116629E+03 0.316579E+02 0.887226E+01
 0.673242E+01 0.584718E+01 0.508650E+01 0.490195E+01 0.500811E+01 0.513571E+01
 0.534021E+01 0.534182E+01 0.524217E+01 0.523088E+01 0.507882E+01 0.494722E+01
 0.485814E+01 0.484877E+01 0.486303E+01 0.479631E+01 0.487214E+01 0.487214E+01
 0.487214E+01 0.487214E+01 0.487214E+01 0.487214E+01 0.487214E+01 0.487214E+01
 0.233364E+04 0.151049E+04 0.691352E+03 0.160823E+03 0.377959E+02 0.900611E+01
 0.673242E+01 0.584718E+01 0.508650E+01 0.490195E+01 0.500811E+01 0.513571E+01
 0.534021E+01 0.534182E+01 0.524217E+01 0.523088E+01 0.507882E+01 0.494722E+01
 0.485814E+01 0.484877E+01 0.486303E+01 0.479631E+01 0.487214E+01 0.487214E+01
 0.487214E+01 0.487214E+01 0.487214E+01 0.487214E+01 0.487214E+01 0.487214E+01
 0.475786E+04 0.280442E+04 0.113785E+04 0.211708E+03 0.396200E+02 0.739679E+01
 0.673242E+01 0.584718E+01 0.508650E+01 0.490195E+01 0.500811E+01 0.513571E+01
 0.534021E+01 0.534182E+01 0.524217E+01 0.523088E+01 0.507882E+01 0.494722E+01
 0.485814E+01 0.484877E+01 0.486303E+01 0.479631E+01 0.487214E+01 0.487214E+01
 0.487214E+01 0.487214E+01 0.487214E+01 0.487214E+01 0.487214E+01 0.487214E+01
 0.745591E+04 0.433053E+04 0.199154E+04 0.313608E+03 0.498234E+02 0.788313E+01
 0.687779E+01 0.546946E+01 0.456056E+01 0.446226E+01 0.465779E+01 0.490218E+01
 0.515803E+01 0.517346E+01 0.511702E+01 0.513165E+01 0.502942E+01 0.494923E+01
 0.491071E+01 0.493762E+01 0.502413E+01 0.504883E+01 0.522541E+01 0.522541E+01
 0.522541E+01 0.522541E+01 0.522541E+01 0.522541E+01 0.522541E+01 0.522541E+01
 0.107665E+05 0.622743E+04 0.284603E+04 0.422589E+03 0.627052E+02 0.936386E+01
 0.737136E+01 0.510683E+01 0.376118E+01 0.367802E+01 0.408452E+01 0.450512E+01
 0.487269E+01 0.498029E+01 0.493869E+01 0.495561E+01 0.487304E+01 0.478999E+01
 0.477979E+01 0.490115E+01 0.505659E+01 0.519957E+01 0.542725E+01 0.542725E+01
 0.542725E+01 0.542725E+01 0.542725E+01 0.542725E+01 0.542725E+01 0.542725E+01
 0.140365E+05 0.791866E+04 0.381921E+04 0.525400E+03 0.727861E+02 0.102088E+02
 0.784935E+01 0.493872E+01 0.320440E+01 0.288845E+01 0.338375E+01 0.402306E+01
 0.452391E+01 0.472187E+01 0.472853E+01 0.474335E+01 0.464500E+01 0.459438E+01
 0.467735E+01 0.481898E+01 0.502991E+01 0.528652E+01 0.555747E+01 0.555747E+01
 0.555747E+01 0.555747E+01 0.555747E+01 0.555747E+01 0.555747E+01 0.555747E+01
 0.178464E+05 0.998659E+04 0.493191E+04 0.608100E+03 0.750607E+02 0.951178E+01
 0.797605E+01 0.469829E+01 0.290745E+01 0.214929E+01 0.261792E+01 0.338984E+01
 0.402556E+01 0.429465E+01 0.440971E+01 0.450825E+01 0.447017E+01 0.444429E+01
 0.451456E+01 0.463005E+01 0.487365E+01 0.519068E+01 0.558668E+01 0.558668E+01
 0.558668E+01 0.558668E+01 0.558668E+01 0.558668E+01 0.558668E+01 0.558668E+01
 0.201627E+05 0.115570E+05 0.571474E+04 0.649214E+03 0.734096E+02 0.857796E+01
 0.816262E+01 0.516820E+01 0.301879E+01 0.216315E+01 0.232377E+01 0.301843E+01
 0.368127E+01 0.398625E+01 0.413309E+01 0.430799E+01 0.433172E+01 0.434609E+01
 0.447640E+01 0.464149E+01 0.491669E+01 0.516711E+01 0.558356E+01 0.558356E+01
 0.558356E+01 0.558356E+01 0.558356E+01 0.558356E+01 0.558356E+01 0.558356E+01
 0.209207E+05 0.123655E+05 0.641905E+04 0.715201E+03 0.785352E+02 0.889934E+01
 0.879807E+01 0.563188E+01 0.353797E+01 0.264339E+01 0.250511E+01 0.289705E+01
 0.346596E+01 0.371397E+01 0.384607E+01 0.405154E+01 0.418698E+01 0.430003E+01
 0.454933E+01 0.484137E+01 0.510327E+01 0.538718E+01 0.569938E+01 0.569938E+01
 0.569938E+01 0.569938E+01 0.569938E+01 0.569938E+01 0.569938E+01 0.569938E+01
 0.221933E+05 0.127450E+05 0.646904E+04 0.714433E+03 0.778117E+02 0.874152E+01
 0.811611E+01 0.538280E+01 0.344511E+01 0.261006E+01 0.253276E+01 0.290362E+01
 0.349116E+01 0.372966E+01 0.382376E+01 0.405347E+01 0.420946E+01 0.441585E+01
 0.475076E+01 0.508640E+01 0.537889E+01 0.558818E+01 0.594591E+01 0.594591E+01
 0.594591E+01 0.594591E+01 0.594591E+01 0.594591E+01 0.594591E+01 0.594591E+01
 0.209221E+05 0.116064E+05 0.570463E+04 0.646496E+03 0.731066E+02 0.854261E+01
 0.796600E+01 0.458361E+01 0.288556E+01 0.196179E+01 0.235225E+01 0.312091E+01
 0.380980E+01 0.405143E+01 0.408802E+01 0.417383E+01 0.420873E+01 0.436327E+01
 0.465254E+01 0.499265E+01 0.534445E+01 0.567878E+01 0.610336E+01 0.610336E+01
 0.610336E+01 0.610336E+01 0.610336E+01 0.610336E+01 0.610336E+01 0.610336E+01
 0.165349E+05 0.925719E+04 0.472348E+04 0.590756E+03 0.741869E+02 0.960253E+01
 0.803657E+01 0.490691E+01 0.294909E+01 0.222134E+01 0.274697E+01 0.363777E+01
 0.433830E+01 0.453895E+01 0.447044E+01 0.445814E+01 0.440581E+01 0.446955E+01
 0.469738E+01 0.492668E+01 0.512491E+01 0.536111E+01 0.573873E+01 0.573873E+01
 0.573873E+01 0.573873E+01 0.573873E+01 0.573873E+01 0.573873E+01 0.573873E+01
 0.122560E+05 0.693179E+04 0.349300E+04 0.467184E+03 0.631558E+02 0.873785E+01
 0.733356E+01 0.528240E+01 0.376936E+01 0.349511E+01 0.380680E+01 0.426597E+01
 0.469522E+01 0.482680E+01 0.477884E+01 0.481171E+01 0.481677E+01 0.481218E+01
 0.494135E+01 0.511136E+01 0.518841E+01 0.529424E+01 0.550194E+01 0.550194E+01
 0.550194E+01 0.550194E+01 0.550194E+01 0.550194E+01 0.550194E+01 0.550194E+01
 0.829761E+04 0.490728E+04 0.250308E+04 0.366874E+03 0.539071E+02 0.807650E+01
 0.689635E+01 0.555503E+01 0.461686E+01 0.442295E+01 0.451616E+01 0.465289E+01
 0.486531E+01 0.486360E+01 0.480922E+01 0.488992E+01 0.490614E+01 0.492376E+01
 0.492957E+01 0.500520E+01 0.505581E+01 0.510859E+01 0.533063E+01 0.533063E+01
 0.533063E+01 0.533063E+01 0.533063E+01 0.533063E+01 0.533063E+01 0.533063E+01
 0.484414E+04 0.299979E+04 0.165871E+04 0.279149E+03 0.474386E+02 0.810927E+01
 0.682618E+01 0.581912E+01 0.504682E+01 0.483712E+01 0.486962E+01 0.488810E+01
 0.497285E+01 0.489585E+01 0.480146E+01 0.485732E+01 0.484416E+01 0.478881E+01
 0.480168E+01 0.481914E+01 0.483399E+01 0.483623E+01 0.506722E+01 0.506722E+01
 0.506722E+01 0.506722E+01 0.506722E+01 0.506722E+01 0.506722E+01 0.506722E+01
 0.312860E+04 0.197510E+04 0.972988E+03 0.199128E+03 0.408512E+02 0.839316E+01
 0.727458E+01 0.628981E+01 0.551017E+01 0.522126E+01 0.519518E+01 0.516072E+01
 0.519457E+01 0.504603E+01 0.487383E+01 0.485609E+01 0.479088E+01 0.470475E+01
 0.463971E+01 0.456934E+01 0.452494E+01 0.455969E+01 0.474277E+01 0.474277E+01
 0.474277E+01 0.474277E+01 0.474277E+01 0.474277E+01 0.474277E+01 0.474277E+01
 0.195709E+04 0.119898E+04 0.597200E+03 0.145223E+03 0.354221E+02 0.873736E+01
 0.754555E+01 0.647548E+01 0.560817E+01 0.537912E+01 0.541876E+01 0.540488E+01
 0.541620E+01 0.523956E+01 0.501625E+01 0.493135E+01 0.483142E+01 0.471127E+01
 0.464250E+01 0.456268E+01 0.447700E+01 0.443634E+01 0.460533E+01 0.460533E+01
 0.460533E+01 0.460533E+01 0.460533E+01 0.460533E+01 0.460533E+01 0.460533E+01
 0.794061E+03 0.618065E+03 0.386040E+03 0.107747E+03 0.299320E+02 0.854669E+01
 0.750546E+01 0.645589E+01 0.565647E+01 0.541903E+01 0.539491E+01 0.536861E+01
 0.537342E+01 0.522098E+01 0.501266E+01 0.494975E+01 0.484845E+01 0.475565E+01
 0.466706E+01 0.462359E+01 0.453426E+01 0.448004E+01 0.459093E+01 0.459093E+01
 0.459093E+01 0.459093E+01 0.459093E+01 0.459093E+01 0.459093E+01 0.459093E+01
 MONTH =    4
 0.857188E+03 0.615098E+03 0.342293E+03 0.106560E+03 0.330670E+02 0.105533E+02
 0.807601E+01 0.666266E+01 0.566577E+01 0.532391E+01 0.530284E+01 0.523044E+01
 0.533700E+01 0.526130E+01 0.519916E+01 0.519591E+01 0.502948E+01 0.485277E+01
 0.464187E+01 0.459989E+01 0.463082E+01 0.461376E+01 0.472649E+01 0.472649E+01
 0.472649E+01 0.472649E+01 0.472649E+01 0.472649E+01 0.472649E+01 0.472649E+01
 0.198377E+04 0.123864E+04 0.559699E+03 0.146283E+03 0.380872E+02 0.101068E+02
 0.807601E+01 0.666266E+01 0.566577E+01 0.532391E+01 0.530284E+01 0.523044E+01
 0.533700E+01 0.526130E+01 0.519916E+01 0.519591E+01 0.502948E+01 0.485277E+01
 0.464187E+01 0.459989E+01 0.463082E+01 0.461376E+01 0.472649E+01 0.472649E+01
 0.472649E+01 0.472649E+01 0.472649E+01 0.472649E+01 0.472649E+01 0.472649E+01
 0.391207E+04 0.227079E+04 0.936216E+03 0.202276E+03 0.436528E+02 0.942833E+01
 0.807601E+01 0.666266E+01 0.566577E+01 0.532391E+01 0.530284E+01 0.523044E+01
 0.533700E+01 0.526130E+01 0.519916E+01 0.519591E+01 0.502948E+01 0.485277E+01
 0.464187E+01 0.459989E+01 0.463082E+01 0.461376E+01 0.472649E+01 0.472649E+01
 0.472649E+01 0.472649E+01 0.472649E+01 0.472649E+01 0.472649E+01 0.472649E+01
 0.622517E+04 0.358194E+04 0.166834E+04 0.298680E+03 0.539462E+02 0.969090E+01
 0.784333E+01 0.627877E+01 0.522458E+01 0.496882E+01 0.503025E+01 0.508604E+01
 0.525031E+01 0.521762E+01 0.513283E+01 0.512245E+01 0.499733E+01 0.479904E+01
 0.471804E+01 0.474245E+01 0.477842E+01 0.496053E+01 0.517780E+01 0.517780E+01
 0.517780E+01 0.517780E+01 0.517780E+01 0.517780E+01 0.517780E+01 0.517780E+01
 0.951241E+04 0.539987E+04 0.247178E+04 0.398584E+03 0.643093E+02 0.104090E+02
 0.772723E+01 0.559714E+01 0.434284E+01 0.420607E+01 0.443847E+01 0.467127E+01
 0.495765E+01 0.504007E+01 0.501797E+01 0.503198E+01 0.491381E+01 0.481211E+01
 0.478482E+01 0.487016E+01 0.493790E+01 0.507144E+01 0.537726E+01 0.537726E+01
 0.537726E+01 0.537726E+01 0.537726E+01 0.537726E+01 0.537726E+01 0.537726E+01
 0.129534E+05 0.713238E+04 0.342971E+04 0.496907E+03 0.725860E+02 0.107354E+02
 0.810626E+01 0.529595E+01 0.360812E+01 0.336518E+01 0.375664E+01 0.424125E+01
 0.465051E+01 0.482527E+01 0.482971E+01 0.483539E+01 0.472441E+01 0.463335E+01
 0.466694E+01 0.477356E+01 0.497418E+01 0.518074E+01 0.548369E+01 0.548369E+01
 0.548369E+01 0.548369E+01 0.548369E+01 0.548369E+01 0.548369E+01 0.548369E+01
 0.169922E+05 0.936000E+04 0.460549E+04 0.591067E+03 0.760176E+02 0.100637E+02
 0.808287E+01 0.486713E+01 0.299436E+01 0.231246E+01 0.283291E+01 0.360334E+01
 0.417900E+01 0.440897E+01 0.450128E+01 0.458147E+01 0.451277E+01 0.443936E+01
 0.448139E+01 0.464519E+01 0.496532E+01 0.526211E+01 0.573023E+01 0.573023E+01
 0.573023E+01 0.573023E+01 0.573023E+01 0.573023E+01 0.573023E+01 0.573023E+01
 0.201929E+05 0.113699E+05 0.554795E+04 0.634543E+03 0.721762E+02 0.850364E+01
 0.803866E+01 0.503432E+01 0.301620E+01 0.209587E+01 0.238902E+01 0.315712E+01
 0.378314E+01 0.401833E+01 0.412616E+01 0.425607E+01 0.426067E+01 0.428833E+01
 0.444451E+01 0.472278E+01 0.509086E+01 0.545119E+01 0.589586E+01 0.589586E+01
 0.589586E+01 0.589586E+01 0.589586E+01 0.589586E+01 0.589586E+01 0.589586E+01
 0.212224E+05 0.123673E+05 0.635453E+04 0.709621E+03 0.777974E+02 0.882316E+01
 0.854556E+01 0.603905E+01 0.334890E+01 0.246633E+01 0.252637E+01 0.297423E+01
 0.354197E+01 0.372461E+01 0.379380E+01 0.399461E+01 0.415991E+01 0.441876E+01
 0.478653E+01 0.509710E+01 0.537422E+01 0.547653E+01 0.578137E+01 0.578137E+01
 0.578137E+01 0.578137E+01 0.578137E+01 0.578137E+01 0.578137E+01 0.578137E+01
 0.218300E+05 0.126825E+05 0.654456E+04 0.734788E+03 0.817325E+02 0.935357E+01
 0.830579E+01 0.578868E+01 0.348737E+01 0.267213E+01 0.261118E+01 0.303730E+01
 0.360608E+01 0.375098E+01 0.375999E+01 0.397006E+01 0.419566E+01 0.449551E+01
 0.489726E+01 0.522783E+01 0.547411E+01 0.551573E+01 0.574669E+01 0.574669E+01
 0.574669E+01 0.574669E+01 0.574669E+01 0.574669E+01 0.574669E+01 0.574669E+01
 0.209896E+05 0.118300E+05 0.593900E+04 0.683124E+03 0.782626E+02 0.925145E+01
 0.856088E+01 0.496841E+01 0.300900E+01 0.220285E+01 0.249840E+01 0.330875E+01
 0.398923E+01 0.415838E+01 0.411579E+01 0.421907E+01 0.429556E+01 0.441556E+01
 0.472145E+01 0.512246E+01 0.549926E+01 0.574782E+01 0.611406E+01 0.611406E+01
 0.611406E+01 0.611406E+01 0.611406E+01 0.611406E+01 0.611406E+01 0.611406E+01
 0.175898E+05 0.100566E+05 0.519594E+04 0.633295E+03 0.776282E+02 0.980998E+01
 0.828913E+01 0.507416E+01 0.306586E+01 0.226216E+01 0.281069E+01 0.372545E+01
 0.436899E+01 0.452263E+01 0.446496E+01 0.449890E+01 0.448700E+01 0.453945E+01
 0.472565E+01 0.505302E+01 0.536613E+01 0.561454E+01 0.600310E+01 0.600310E+01
 0.600310E+01 0.600310E+01 0.600310E+01 0.600310E+01 0.600310E+01 0.600310E+01
 0.136893E+05 0.799060E+04 0.406592E+04 0.523088E+03 0.677769E+02 0.899649E+01
 0.763960E+01 0.515084E+01 0.347677E+01 0.321491E+01 0.364373E+01 0.422493E+01
 0.467130E+01 0.477952E+01 0.472013E+01 0.475016E+01 0.474851E+01 0.479915E+01
 0.498502E+01 0.517298E+01 0.539070E+01 0.548192E+01 0.561784E+01 0.561784E+01
 0.561784E+01 0.561784E+01 0.561784E+01 0.561784E+01 0.561784E+01 0.561784E+01
 0.999657E+04 0.607200E+04 0.305514E+04 0.414618E+03 0.563704E+02 0.781671E+01
 0.670772E+01 0.509625E+01 0.409899E+01 0.404626E+01 0.430418E+01 0.457661E+01
 0.485491E+01 0.489662E+01 0.488148E+01 0.496396E+01 0.501901E+01 0.507951E+01
 0.522181E+01 0.538746E+01 0.553133E+01 0.559152E+01 0.572388E+01 0.572388E+01
 0.572388E+01 0.572388E+01 0.572388E+01 0.572388E+01 0.572388E+01 0.572388E+01
 0.645831E+04 0.402981E+04 0.216660E+04 0.325733E+03 0.494640E+02 0.756407E+01
 0.637114E+01 0.524246E+01 0.454898E+01 0.451192E+01 0.463261E+01 0.476200E+01
 0.493353E+01 0.495552E+01 0.494898E+01 0.504430E+01 0.507245E+01 0.509414E+01
 0.516864E+01 0.530418E+01 0.539355E+01 0.545500E+01 0.563499E+01 0.563499E+01
 0.563499E+01 0.563499E+01 0.563499E+01 0.563499E+01 0.563499E+01 0.563499E+01
 0.428206E+04 0.271485E+04 0.129718E+04 0.233560E+03 0.423325E+02 0.766588E+01
 0.641980E+01 0.552535E+01 0.490710E+01 0.478624E+01 0.484305E+01 0.487941E+01
 0.499849E+01 0.493984E+01 0.490929E+01 0.501832E+01 0.503662E+01 0.498068E+01
 0.501401E+01 0.507017E+01 0.512517E+01 0.523538E+01 0.540436E+01 0.540436E+01
 0.540436E+01 0.540436E+01 0.540436E+01 0.540436E+01 0.540436E+01 0.540436E+01
 0.250654E+04 0.162407E+04 0.805444E+03 0.168664E+03 0.359672E+02 0.769646E+01
 0.680288E+01 0.614496E+01 0.540552E+01 0.513242E+01 0.504984E+01 0.502009E+01
 0.509953E+01 0.503523E+01 0.494200E+01 0.499164E+01 0.495534E+01 0.486352E+01
 0.483753E+01 0.487243E+01 0.486477E+01 0.489377E+01 0.504041E+01 0.504041E+01
 0.504041E+01 0.504041E+01 0.504041E+01 0.504041E+01 0.504041E+01 0.504041E+01
 0.114456E+04 0.888881E+03 0.521402E+03 0.125172E+03 0.302320E+02 0.745589E+01
 0.718572E+01 0.655659E+01 0.575234E+01 0.532851E+01 0.518617E+01 0.511923E+01
 0.517551E+01 0.511371E+01 0.499957E+01 0.500078E+01 0.492528E+01 0.482748E+01
 0.477715E+01 0.476561E+01 0.475927E+01 0.481598E+01 0.490483E+01 0.490483E+01
 0.490483E+01 0.490483E+01 0.490483E+01 0.490483E+01 0.490483E+01 0.490483E+01
 MONTH =    5
 0.654017E+03 0.455361E+03 0.253851E+03 0.918140E+02 0.328032E+02 0.120792E+02
 0.988363E+01 0.787849E+01 0.640805E+01 0.587676E+01 0.573952E+01 0.534743E+01
 0.527000E+01 0.511970E+01 0.501429E+01 0.506065E+01 0.486543E+01 0.483637E+01
 0.455707E+01 0.457659E+01 0.445614E+01 0.445162E+01 0.460491E+01 0.460491E+01
 0.460491E+01 0.460491E+01 0.460491E+01 0.460491E+01 0.460491E+01 0.460491E+01
 0.166312E+04 0.981374E+03 0.427881E+03 0.127789E+03 0.372311E+02 0.111138E+02
 0.988363E+01 0.787849E+01 0.640805E+01 0.587676E+01 0.573952E+01 0.534743E+01
 0.527000E+01 0.511970E+01 0.501429E+01 0.506065E+01 0.486543E+01 0.483637E+01
 0.455707E+01 0.457659E+01 0.445614E+01 0.445162E+01 0.460491E+01 0.460491E+01
 0.460491E+01 0.460491E+01 0.460491E+01 0.460491E+01 0.460491E+01 0.460491E+01
 0.306252E+04 0.175165E+04 0.735070E+03 0.180089E+03 0.438389E+02 0.106907E+02
 0.988363E+01 0.787849E+01 0.640805E+01 0.587676E+01 0.573952E+01 0.534743E+01
 0.527000E+01 0.511970E+01 0.501429E+01 0.506065E+01 0.486543E+01 0.483637E+01
 0.455707E+01 0.457659E+01 0.445614E+01 0.445162E+01 0.460491E+01 0.460491E+01
 0.460491E+01 0.460491E+01 0.460491E+01 0.460491E+01 0.460491E+01 0.460491E+01
 0.498728E+04 0.283519E+04 0.134832E+04 0.267889E+03 0.535217E+02 0.106279E+02
 0.887137E+01 0.720246E+01 0.596150E+01 0.543477E+01 0.527668E+01 0.511443E+01
 0.512103E+01 0.502717E+01 0.490672E+01 0.487876E+01 0.473280E+01 0.465106E+01
 0.455788E+01 0.451415E+01 0.447092E+01 0.452834E+01 0.482025E+01 0.482025E+01
 0.482025E+01 0.482025E+01 0.482025E+01 0.482025E+01 0.482025E+01 0.482025E+01
 0.826982E+04 0.456746E+04 0.209927E+04 0.360788E+03 0.620637E+02 0.106811E+02
 0.841125E+01 0.647699E+01 0.506848E+01 0.474022E+01 0.478007E+01 0.478966E+01
 0.493849E+01 0.496042E+01 0.490249E+01 0.487777E+01 0.474644E+01 0.458877E+01
 0.450661E+01 0.451502E+01 0.457959E+01 0.472469E+01 0.504613E+01 0.504613E+01
 0.504613E+01 0.504613E+01 0.504613E+01 0.504613E+01 0.504613E+01 0.504613E+01
 0.118806E+05 0.635988E+04 0.304537E+04 0.459532E+03 0.700605E+02 0.107854E+02
 0.823432E+01 0.568966E+01 0.411595E+01 0.377479E+01 0.403933E+01 0.433476E+01
 0.461112E+01 0.472193E+01 0.471021E+01 0.469867E+01 0.450248E+01 0.437013E+01
 0.438216E+01 0.452091E+01 0.465553E+01 0.491751E+01 0.520592E+01 0.520592E+01
 0.520592E+01 0.520592E+01 0.520592E+01 0.520592E+01 0.520592E+01 0.520592E+01
 0.161165E+05 0.875014E+04 0.428685E+04 0.567960E+03 0.753507E+02 0.102749E+02
 0.786929E+01 0.473714E+01 0.313725E+01 0.253944E+01 0.305794E+01 0.375603E+01
 0.424309E+01 0.442018E+01 0.443859E+01 0.443030E+01 0.429057E+01 0.420071E+01
 0.425084E+01 0.452466E+01 0.493389E+01 0.534497E+01 0.579772E+01 0.579772E+01
 0.579772E+01 0.579772E+01 0.579772E+01 0.579772E+01 0.579772E+01 0.579772E+01
 0.202051E+05 0.111665E+05 0.538007E+04 0.625301E+03 0.719574E+02 0.861064E+01
 0.754844E+01 0.440195E+01 0.277545E+01 0.212255E+01 0.252261E+01 0.327392E+01
 0.384290E+01 0.400981E+01 0.399726E+01 0.406779E+01 0.409500E+01 0.416389E+01
 0.437262E+01 0.474405E+01 0.529122E+01 0.569159E+01 0.608043E+01 0.608043E+01
 0.608043E+01 0.608043E+01 0.608043E+01 0.608043E+01 0.608043E+01 0.608043E+01
 0.214556E+05 0.123545E+05 0.628600E+04 0.715134E+03 0.796352E+02 0.918418E+01
 0.832953E+01 0.506901E+01 0.320997E+01 0.236124E+01 0.246774E+01 0.309361E+01
 0.367452E+01 0.375366E+01 0.374746E+01 0.390530E+01 0.412883E+01 0.441669E+01
 0.474379E+01 0.503002E+01 0.535558E+01 0.546769E+01 0.580135E+01 0.580135E+01
 0.580135E+01 0.580135E+01 0.580135E+01 0.580135E+01 0.580135E+01 0.580135E+01
 0.214258E+05 0.126226E+05 0.661033E+04 0.740500E+03 0.823766E+02 0.939848E+01
 0.876927E+01 0.616968E+01 0.358927E+01 0.269233E+01 0.261801E+01 0.317856E+01
 0.373871E+01 0.382287E+01 0.376933E+01 0.391705E+01 0.413569E+01 0.445970E+01
 0.482262E+01 0.509648E+01 0.526827E+01 0.527483E+01 0.545608E+01 0.545608E+01
 0.545608E+01 0.545608E+01 0.545608E+01 0.545608E+01 0.545608E+01 0.545608E+01
 0.209990E+05 0.120783E+05 0.617782E+04 0.696542E+03 0.784628E+02 0.907005E+01
 0.863954E+01 0.514103E+01 0.334516E+01 0.255141E+01 0.270007E+01 0.343026E+01
 0.403511E+01 0.413731E+01 0.407729E+01 0.413662E+01 0.417812E+01 0.428032E+01
 0.451537E+01 0.486810E+01 0.524085E+01 0.546994E+01 0.571483E+01 0.571483E+01
 0.571483E+01 0.571483E+01 0.571483E+01 0.571483E+01 0.571483E+01 0.571483E+01
 0.186135E+05 0.108573E+05 0.567224E+04 0.676770E+03 0.813623E+02 0.100610E+02
 0.856615E+01 0.528882E+01 0.319587E+01 0.245768E+01 0.298891E+01 0.378757E+01
 0.436354E+01 0.446091E+01 0.437244E+01 0.439401E+01 0.435607E+01 0.437344E+01
 0.452264E+01 0.478325E+01 0.513889E+01 0.538138E+01 0.569244E+01 0.569244E+01
 0.569244E+01 0.569244E+01 0.569244E+01 0.569244E+01 0.569244E+01 0.569244E+01
 0.151632E+05 0.905034E+04 0.464417E+04 0.581498E+03 0.732316E+02 0.944756E+01
 0.809620E+01 0.526062E+01 0.351504E+01 0.315789E+01 0.362094E+01 0.419394E+01
 0.464018E+01 0.468199E+01 0.456173E+01 0.456417E+01 0.456788E+01 0.464164E+01
 0.479636E+01 0.499666E+01 0.523707E+01 0.526255E+01 0.543553E+01 0.543553E+01
 0.543553E+01 0.543553E+01 0.543553E+01 0.543553E+01 0.543553E+01 0.543553E+01
 0.117456E+05 0.725641E+04 0.361484E+04 0.473383E+03 0.621248E+02 0.832249E+01
 0.733462E+01 0.526363E+01 0.400197E+01 0.388246E+01 0.417358E+01 0.452530E+01
 0.484836E+01 0.486022E+01 0.479229E+01 0.481445E+01 0.485448E+01 0.491793E+01
 0.507184E+01 0.521670E+01 0.535815E+01 0.538712E+01 0.547381E+01 0.547381E+01
 0.547381E+01 0.547381E+01 0.547381E+01 0.547381E+01 0.547381E+01 0.547381E+01
 0.810261E+04 0.507504E+04 0.267787E+04 0.373553E+03 0.527686E+02 0.751396E+01
 0.653574E+01 0.525688E+01 0.444025E+01 0.437773E+01 0.456343E+01 0.476560E+01
 0.500105E+01 0.499574E+01 0.491958E+01 0.496858E+01 0.495258E+01 0.501764E+01
 0.513804E+01 0.526477E+01 0.538697E+01 0.538170E+01 0.546409E+01 0.546409E+01
 0.546409E+01 0.546409E+01 0.546409E+01 0.546409E+01 0.546409E+01 0.546409E+01
 0.548658E+04 0.348509E+04 0.163161E+04 0.264665E+03 0.432601E+02 0.708444E+01
 0.635454E+01 0.544156E+01 0.479002E+01 0.468938E+01 0.480200E+01 0.493450E+01
 0.511413E+01 0.508233E+01 0.499127E+01 0.501306E+01 0.496789E+01 0.496519E+01
 0.503361E+01 0.510726E+01 0.520648E+01 0.519280E+01 0.523850E+01 0.523850E+01
 0.523850E+01 0.523850E+01 0.523850E+01 0.523850E+01 0.523850E+01 0.523850E+01
 0.309652E+04 0.207862E+04 0.102324E+04 0.189377E+03 0.360917E+02 0.687516E+01
 0.636913E+01 0.569490E+01 0.509027E+01 0.492143E+01 0.500494E+01 0.507781E+01
 0.524141E+01 0.520838E+01 0.509803E+01 0.506586E+01 0.497907E+01 0.490658E+01
 0.493657E+01 0.497565E+01 0.502892E+01 0.497721E+01 0.496212E+01 0.496212E+01
 0.496212E+01 0.496212E+01 0.496212E+01 0.496212E+01 0.496212E+01 0.496212E+01
 0.152195E+04 0.116629E+04 0.661753E+03 0.138954E+03 0.296191E+02 0.643730E+01
 0.624501E+01 0.573286E+01 0.514354E+01 0.496871E+01 0.505520E+01 0.512722E+01
 0.527424E+01 0.522933E+01 0.511943E+01 0.508662E+01 0.497207E+01 0.488922E+01
 0.490076E+01 0.490895E+01 0.496060E+01 0.490770E+01 0.489164E+01 0.489164E+01
 0.489164E+01 0.489164E+01 0.489164E+01 0.489164E+01 0.489164E+01 0.489164E+01
 MONTH =    6
 0.431695E+03 0.290438E+03 0.162415E+03 0.651302E+02 0.255081E+02 0.103194E+02
 0.840202E+01 0.699298E+01 0.545149E+01 0.476805E+01 0.456649E+01 0.452990E+01
 0.465241E+01 0.471342E+01 0.475507E+01 0.493240E+01 0.491807E+01 0.479710E+01
 0.468705E+01 0.477461E+01 0.466465E+01 0.452071E+01 0.457801E+01 0.457801E+01
 0.457801E+01 0.457801E+01 0.457801E+01 0.457801E+01 0.457801E+01 0.457801E+01
 0.133362E+04 0.708189E+03 0.293190E+03 0.972730E+02 0.310320E+02 0.101960E+02
 0.840202E+01 0.699298E+01 0.545149E+01 0.476805E+01 0.456649E+01 0.452990E+01
 0.465241E+01 0.471342E+01 0.475507E+01 0.493240E+01 0.491807E+01 0.479710E+01
 0.468705E+01 0.477461E+01 0.466465E+01 0.452071E+01 0.457801E+01 0.457801E+01
 0.457801E+01 0.457801E+01 0.457801E+01 0.457801E+01 0.457801E+01 0.457801E+01
 0.219895E+04 0.120937E+04 0.529892E+03 0.141664E+03 0.373135E+02 0.983976E+01
 0.840202E+01 0.699298E+01 0.545149E+01 0.476805E+01 0.456649E+01 0.452990E+01
 0.465241E+01 0.471342E+01 0.475507E+01 0.493240E+01 0.491807E+01 0.479710E+01
 0.468705E+01 0.477461E+01 0.466465E+01 0.452071E+01 0.457801E+01 0.457801E+01
 0.457801E+01 0.457801E+01 0.457801E+01 0.457801E+01 0.457801E+01 0.457801E+01
 0.372347E+04 0.208431E+04 0.102269E+04 0.213600E+03 0.445392E+02 0.921361E+01
 0.808500E+01 0.662460E+01 0.525608E+01 0.464490E+01 0.448654E+01 0.449685E+01
 0.466406E+01 0.476263E+01 0.478615E+01 0.478501E+01 0.469968E+01 0.461861E+01
 0.459226E+01 0.468953E+01 0.463066E+01 0.463871E+01 0.474506E+01 0.474506E+01
 0.474506E+01 0.474506E+01 0.474506E+01 0.474506E+01 0.474506E+01 0.474506E+01
 0.701687E+04 0.374465E+04 0.173637E+04 0.302015E+03 0.525100E+02 0.910096E+01
 0.761354E+01 0.593431E+01 0.472505E+01 0.426859E+01 0.422688E+01 0.434555E+01
 0.465462E+01 0.480895E+01 0.482234E+01 0.484320E+01 0.471523E+01 0.458185E+01
 0.460036E+01 0.474886E+01 0.488422E+01 0.498521E+01 0.530431E+01 0.530431E+01
 0.530431E+01 0.530431E+01 0.530431E+01 0.530431E+01 0.530431E+01 0.530431E+01
 0.108122E+05 0.558270E+04 0.266898E+04 0.400522E+03 0.608069E+02 0.931670E+01
 0.747621E+01 0.527889E+01 0.374149E+01 0.336632E+01 0.355388E+01 0.392178E+01
 0.443767E+01 0.468623E+01 0.470761E+01 0.465491E+01 0.450673E+01 0.438425E+01
 0.453561E+01 0.486018E+01 0.506203E+01 0.544366E+01 0.581010E+01 0.581010E+01
 0.581010E+01 0.581010E+01 0.581010E+01 0.581010E+01 0.581010E+01 0.581010E+01
 0.152630E+05 0.813486E+04 0.396676E+04 0.524155E+03 0.691336E+02 0.936286E+01
 0.783382E+01 0.471485E+01 0.294012E+01 0.227595E+01 0.273719E+01 0.347673E+01
 0.415530E+01 0.449692E+01 0.454386E+01 0.445419E+01 0.431430E+01 0.429328E+01
 0.450467E+01 0.491663E+01 0.545791E+01 0.600786E+01 0.657435E+01 0.657435E+01
 0.657435E+01 0.657435E+01 0.657435E+01 0.657435E+01 0.657435E+01 0.657435E+01
 0.201888E+05 0.109736E+05 0.521488E+04 0.621299E+03 0.732810E+02 0.900884E+01
 0.762500E+01 0.465312E+01 0.281498E+01 0.205470E+01 0.238700E+01 0.309005E+01
 0.380582E+01 0.419087E+01 0.430024E+01 0.431433E+01 0.430900E+01 0.443037E+01
 0.469419E+01 0.516772E+01 0.571593E+01 0.618291E+01 0.667587E+01 0.667587E+01
 0.667587E+01 0.667587E+01 0.667587E+01 0.667587E+01 0.667587E+01 0.667587E+01
 0.216982E+05 0.123200E+05 0.620700E+04 0.703206E+03 0.775544E+02 0.889695E+01
 0.887676E+01 0.589620E+01 0.340594E+01 0.261716E+01 0.255360E+01 0.287558E+01
 0.354264E+01 0.393450E+01 0.406353E+01 0.416996E+01 0.428887E+01 0.458731E+01
 0.495301E+01 0.527517E+01 0.559278E+01 0.576893E+01 0.610897E+01 0.610897E+01
 0.610897E+01 0.610897E+01 0.610897E+01 0.610897E+01 0.610897E+01 0.610897E+01
 0.209833E+05 0.125231E+05 0.666111E+04 0.725572E+03 0.787437E+02 0.874409E+01
 0.876000E+01 0.549739E+01 0.327024E+01 0.267311E+01 0.264038E+01 0.294358E+01
 0.361094E+01 0.397674E+01 0.408436E+01 0.417287E+01 0.422342E+01 0.439292E+01
 0.464852E+01 0.494141E+01 0.526581E+01 0.544132E+01 0.578244E+01 0.578244E+01
 0.578244E+01 0.578244E+01 0.578244E+01 0.578244E+01 0.578244E+01 0.578244E+01
 0.209795E+05 0.122888E+05 0.640532E+04 0.714243E+03 0.797300E+02 0.910077E+01
 0.788743E+01 0.499000E+01 0.294154E+01 0.221862E+01 0.249504E+01 0.321919E+01
 0.393113E+01 0.427970E+01 0.434007E+01 0.433462E+01 0.422438E+01 0.421130E+01
 0.438790E+01 0.471770E+01 0.511830E+01 0.552172E+01 0.593406E+01 0.593406E+01
 0.593406E+01 0.593406E+01 0.593406E+01 0.593406E+01 0.593406E+01 0.593406E+01
 0.196656E+05 0.116500E+05 0.615099E+04 0.699017E+03 0.800482E+02 0.940297E+01
 0.764126E+01 0.458365E+01 0.274407E+01 0.220703E+01 0.270126E+01 0.351342E+01
 0.418302E+01 0.446801E+01 0.455087E+01 0.462819E+01 0.454638E+01 0.458089E+01
 0.475039E+01 0.504415E+01 0.542621E+01 0.574038E+01 0.624034E+01 0.624034E+01
 0.624034E+01 0.624034E+01 0.624034E+01 0.624034E+01 0.624034E+01 0.624034E+01
 0.166868E+05 0.101308E+05 0.523227E+04 0.613290E+03 0.722626E+02 0.871214E+01
 0.718875E+01 0.481656E+01 0.309606E+01 0.287804E+01 0.332593E+01 0.391066E+01
 0.445633E+01 0.466714E+01 0.471474E+01 0.477913E+01 0.477815E+01 0.485580E+01
 0.503256E+01 0.528605E+01 0.562165E+01 0.583331E+01 0.610183E+01 0.610183E+01
 0.610183E+01 0.610183E+01 0.610183E+01 0.610183E+01 0.610183E+01 0.610183E+01
 0.134918E+05 0.845800E+04 0.419052E+04 0.494343E+03 0.584371E+02 0.707518E+01
 0.616287E+01 0.467097E+01 0.362655E+01 0.355060E+01 0.390978E+01 0.435821E+01
 0.477859E+01 0.491245E+01 0.488454E+01 0.494955E+01 0.495146E+01 0.496164E+01
 0.507485E+01 0.527161E+01 0.549128E+01 0.556808E+01 0.570095E+01 0.570095E+01
 0.570095E+01 0.570095E+01 0.570095E+01 0.570095E+01 0.570095E+01 0.570095E+01
 0.975837E+04 0.614802E+04 0.320207E+04 0.385560E+03 0.469582E+02 0.576562E+01
 0.540695E+01 0.479439E+01 0.423713E+01 0.421990E+01 0.455192E+01 0.488910E+01
 0.519919E+01 0.523406E+01 0.514426E+01 0.509940E+01 0.502292E+01 0.497844E+01
 0.499748E+01 0.508781E+01 0.516115E+01 0.514919E+01 0.510145E+01 0.510145E+01
 0.510145E+01 0.510145E+01 0.510145E+01 0.510145E+01 0.510145E+01 0.510145E+01
 0.670536E+04 0.427737E+04 0.197901E+04 0.274262E+03 0.383256E+02 0.534853E+01
 0.534525E+01 0.496004E+01 0.453473E+01 0.453765E+01 0.488509E+01 0.519039E+01
 0.545554E+01 0.543346E+01 0.530263E+01 0.523191E+01 0.509275E+01 0.500594E+01
 0.499713E+01 0.503488E+01 0.504558E+01 0.497414E+01 0.487399E+01 0.487399E+01
 0.487399E+01 0.487399E+01 0.487399E+01 0.487399E+01 0.487399E+01 0.487399E+01
 0.370820E+04 0.255139E+04 0.125231E+04 0.223616E+03 0.413250E+02 0.760662E+01
 0.534525E+01 0.496004E+01 0.453473E+01 0.453765E+01 0.488509E+01 0.519039E+01
 0.545554E+01 0.543346E+01 0.530263E+01 0.523191E+01 0.509275E+01 0.500594E+01
 0.499713E+01 0.503488E+01 0.504558E+01 0.497414E+01 0.487399E+01 0.487399E+01
 0.487399E+01 0.487399E+01 0.487399E+01 0.487399E+01 0.487399E+01 0.487399E+01
 0.190867E+04 0.146000E+04 0.807558E+03 0.166173E+03 0.346772E+02 0.738141E+01
 0.534525E+01 0.496004E+01 0.453473E+01 0.453765E+01 0.488509E+01 0.519039E+01
 0.545554E+01 0.543346E+01 0.530263E+01 0.523191E+01 0.509275E+01 0.500594E+01
 0.499713E+01 0.503488E+01 0.504558E+01 0.497414E+01 0.487399E+01 0.487399E+01
 0.487399E+01 0.487399E+01 0.487399E+01 0.487399E+01 0.487399E+01 0.487399E+01
 MONTH =    7
 0.558888E+03 0.396967E+03 0.237848E+03 0.782595E+02 0.251967E+02 0.826968E+01
 0.745113E+01 0.652758E+01 0.537317E+01 0.478599E+01 0.473117E+01 0.480728E+01
 0.500387E+01 0.507869E+01 0.509470E+01 0.508768E+01 0.497798E+01 0.489612E+01
 0.491301E+01 0.487167E+01 0.483654E+01 0.479334E+01 0.476927E+01 0.476927E+01
 0.476927E+01 0.476927E+01 0.476927E+01 0.476927E+01 0.476927E+01 0.476927E+01
 0.154074E+04 0.867441E+03 0.395090E+03 0.109564E+03 0.294390E+02 0.801916E+01
 0.745113E+01 0.652758E+01 0.537317E+01 0.478599E+01 0.473117E+01 0.480728E+01
 0.500387E+01 0.507869E+01 0.509470E+01 0.508768E+01 0.497798E+01 0.489612E+01
 0.491301E+01 0.487167E+01 0.483654E+01 0.479334E+01 0.476927E+01 0.476927E+01
 0.476927E+01 0.476927E+01 0.476927E+01 0.476927E+01 0.476927E+01 0.476927E+01
 0.250289E+04 0.146823E+04 0.679243E+03 0.155024E+03 0.349047E+02 0.781335E+01
 0.745113E+01 0.652758E+01 0.537317E+01 0.478599E+01 0.473117E+01 0.480728E+01
 0.500387E+01 0.507869E+01 0.509470E+01 0.508768E+01 0.497798E+01 0.489612E+01
 0.491301E+01 0.487167E+01 0.483654E+01 0.479334E+01 0.476927E+01 0.476927E+01
 0.476927E+01 0.476927E+01 0.476927E+01 0.476927E+01 0.476927E+01 0.476927E+01
 0.410593E+04 0.238975E+04 0.123760E+04 0.227206E+03 0.418328E+02 0.764105E+01
 0.697780E+01 0.612046E+01 0.514699E+01 0.477653E+01 0.468917E+01 0.469030E+01
 0.487256E+01 0.494775E+01 0.490107E+01 0.488304E+01 0.481155E+01 0.474585E+01
 0.480546E+01 0.485041E+01 0.486454E+01 0.485522E+01 0.483534E+01 0.483534E+01
 0.483534E+01 0.483534E+01 0.483534E+01 0.483534E+01 0.483534E+01 0.483534E+01
 0.746800E+04 0.413322E+04 0.199085E+04 0.313142E+03 0.494491E+02 0.782520E+01
 0.668223E+01 0.560592E+01 0.464882E+01 0.432853E+01 0.433313E+01 0.445977E+01
 0.474987E+01 0.481344E+01 0.475363E+01 0.469092E+01 0.463333E+01 0.461373E+01
 0.472186E+01 0.492034E+01 0.506987E+01 0.516584E+01 0.535196E+01 0.535196E+01
 0.535196E+01 0.535196E+01 0.535196E+01 0.535196E+01 0.535196E+01 0.535196E+01
 0.112848E+05 0.602312E+04 0.293540E+04 0.421190E+03 0.612089E+02 0.902322E+01
 0.731139E+01 0.522489E+01 0.383699E+01 0.358557E+01 0.378513E+01 0.414528E+01
 0.455527E+01 0.472048E+01 0.462541E+01 0.455160E+01 0.449964E+01 0.461211E+01
 0.480082E+01 0.497043E+01 0.515708E+01 0.533149E+01 0.561601E+01 0.561601E+01
 0.561601E+01 0.561601E+01 0.561601E+01 0.561601E+01 0.561601E+01 0.561601E+01
 0.156351E+05 0.849461E+04 0.421906E+04 0.544507E+03 0.703139E+02 0.934470E+01
 0.758750E+01 0.469096E+01 0.290503E+01 0.235399E+01 0.284388E+01 0.361278E+01
 0.423922E+01 0.450935E+01 0.449966E+01 0.442314E+01 0.432508E+01 0.440631E+01
 0.458560E+01 0.491888E+01 0.533535E+01 0.572301E+01 0.621798E+01 0.621798E+01
 0.621798E+01 0.621798E+01 0.621798E+01 0.621798E+01 0.621798E+01 0.621798E+01
 0.203364E+05 0.111574E+05 0.537217E+04 0.634719E+03 0.742190E+02 0.904668E+01
 0.725822E+01 0.414698E+01 0.265462E+01 0.186115E+01 0.231759E+01 0.305703E+01
 0.375758E+01 0.412281E+01 0.421078E+01 0.419271E+01 0.417754E+01 0.430047E+01
 0.453975E+01 0.495454E+01 0.543199E+01 0.589995E+01 0.647154E+01 0.647154E+01
 0.647154E+01 0.647154E+01 0.647154E+01 0.647154E+01 0.647154E+01 0.647154E+01
 0.217795E+05 0.124335E+05 0.628530E+04 0.688935E+03 0.738435E+02 0.822036E+01
 0.731911E+01 0.460276E+01 0.323883E+01 0.245316E+01 0.248448E+01 0.275933E+01
 0.337744E+01 0.375891E+01 0.391317E+01 0.406880E+01 0.413747E+01 0.431037E+01
 0.457577E+01 0.484149E+01 0.518329E+01 0.547349E+01 0.592270E+01 0.592270E+01
 0.592270E+01 0.592270E+01 0.592270E+01 0.592270E+01 0.592270E+01 0.592270E+01
 0.209142E+05 0.124196E+05 0.655823E+04 0.740729E+03 0.829961E+02 0.955846E+01
 0.910238E+01 0.563533E+01 0.351243E+01 0.273060E+01 0.263747E+01 0.283160E+01
 0.343281E+01 0.379186E+01 0.393026E+01 0.407554E+01 0.410925E+01 0.417485E+01
 0.435136E+01 0.458852E+01 0.488028E+01 0.515166E+01 0.552745E+01 0.552745E+01
 0.552745E+01 0.552745E+01 0.552745E+01 0.552745E+01 0.552745E+01 0.552745E+01
 0.207258E+05 0.120200E+05 0.616467E+04 0.683777E+03 0.757386E+02 0.860371E+01
 0.767056E+01 0.505027E+01 0.300753E+01 0.228244E+01 0.244421E+01 0.300190E+01
 0.372155E+01 0.408840E+01 0.422209E+01 0.431065E+01 0.424695E+01 0.420668E+01
 0.430899E+01 0.458649E+01 0.492550E+01 0.525728E+01 0.568832E+01 0.568832E+01
 0.568832E+01 0.568832E+01 0.568832E+01 0.568832E+01 0.568832E+01 0.568832E+01
 0.191718E+05 0.111219E+05 0.576453E+04 0.660964E+03 0.761076E+02 0.897261E+01
 0.752542E+01 0.459538E+01 0.266570E+01 0.205525E+01 0.254675E+01 0.336538E+01
 0.403576E+01 0.433203E+01 0.443611E+01 0.452137E+01 0.449401E+01 0.453258E+01
 0.469858E+01 0.498480E+01 0.538032E+01 0.575240E+01 0.626185E+01 0.626185E+01
 0.626185E+01 0.626185E+01 0.626185E+01 0.626185E+01 0.626185E+01 0.626185E+01
 0.160149E+05 0.948143E+04 0.481881E+04 0.584234E+03 0.712668E+02 0.881580E+01
 0.731798E+01 0.463109E+01 0.286393E+01 0.260189E+01 0.312697E+01 0.379898E+01
 0.437051E+01 0.460695E+01 0.464791E+01 0.471841E+01 0.471939E+01 0.477469E+01
 0.497844E+01 0.523887E+01 0.562075E+01 0.590759E+01 0.633195E+01 0.633195E+01
 0.633195E+01 0.633195E+01 0.633195E+01 0.633195E+01 0.633195E+01 0.633195E+01
 0.128379E+05 0.784037E+04 0.380180E+04 0.469444E+03 0.579521E+02 0.725267E+01
 0.622957E+01 0.458368E+01 0.347676E+01 0.339604E+01 0.380310E+01 0.428009E+01
 0.470097E+01 0.483526E+01 0.482715E+01 0.487219E+01 0.484883E+01 0.487241E+01
 0.499738E+01 0.517453E+01 0.537842E+01 0.550221E+01 0.566438E+01 0.566438E+01
 0.566438E+01 0.566438E+01 0.566438E+01 0.566438E+01 0.566438E+01 0.566438E+01
 0.918088E+04 0.564936E+04 0.285808E+04 0.359081E+03 0.453776E+02 0.576103E+01
 0.542868E+01 0.477808E+01 0.421950E+01 0.417971E+01 0.447811E+01 0.479878E+01
 0.511100E+01 0.516306E+01 0.508346E+01 0.507336E+01 0.500191E+01 0.495371E+01
 0.498825E+01 0.508655E+01 0.517428E+01 0.517268E+01 0.511829E+01 0.511829E+01
 0.511829E+01 0.511829E+01 0.511829E+01 0.511829E+01 0.511829E+01 0.511829E+01
 0.622235E+04 0.387432E+04 0.173759E+04 0.252614E+03 0.367100E+02 0.533443E+01
 0.533149E+01 0.499253E+01 0.453765E+01 0.451684E+01 0.482162E+01 0.511197E+01
 0.538758E+01 0.537503E+01 0.523716E+01 0.518089E+01 0.508032E+01 0.499305E+01
 0.496001E+01 0.500437E+01 0.502240E+01 0.496983E+01 0.487492E+01 0.487492E+01
 0.487492E+01 0.487492E+01 0.487492E+01 0.487492E+01 0.487492E+01 0.487492E+01
 0.335250E+04 0.226244E+04 0.109375E+04 0.212813E+03 0.422566E+02 0.843843E+01
 0.533149E+01 0.499253E+01 0.453765E+01 0.451684E+01 0.482162E+01 0.511197E+01
 0.538758E+01 0.537503E+01 0.523716E+01 0.518089E+01 0.508032E+01 0.499305E+01
 0.496001E+01 0.500437E+01 0.502240E+01 0.496983E+01 0.487492E+01 0.487492E+01
 0.487492E+01 0.487492E+01 0.487492E+01 0.487492E+01 0.487492E+01 0.487492E+01
 0.168386E+04 0.126778E+04 0.700381E+03 0.158822E+03 0.363375E+02 0.850352E+01
 0.533149E+01 0.499253E+01 0.453765E+01 0.451684E+01 0.482162E+01 0.511197E+01
 0.538758E+01 0.537503E+01 0.523716E+01 0.518089E+01 0.508032E+01 0.499305E+01
 0.496001E+01 0.500437E+01 0.502240E+01 0.496983E+01 0.487492E+01 0.487492E+01
 0.487492E+01 0.487492E+01 0.487492E+01 0.487492E+01 0.487492E+01 0.487492E+01
 MONTH =    8
 0.668699E+03 0.504400E+03 0.307339E+03 0.901273E+02 0.259173E+02 0.752484E+01
 0.728642E+01 0.640882E+01 0.559861E+01 0.527954E+01 0.531078E+01 0.536413E+01
 0.551672E+01 0.545534E+01 0.523489E+01 0.515430E+01 0.500239E+01 0.479089E+01
 0.471601E+01 0.469987E+01 0.455581E+01 0.442907E+01 0.455990E+01 0.455990E+01
 0.455990E+01 0.455990E+01 0.455990E+01 0.455990E+01 0.455990E+01 0.455990E+01
 0.173544E+04 0.103039E+04 0.492645E+03 0.123647E+03 0.303832E+02 0.748719E+01
 0.728642E+01 0.640882E+01 0.559861E+01 0.527954E+01 0.531078E+01 0.536413E+01
 0.551672E+01 0.545534E+01 0.523489E+01 0.515430E+01 0.500239E+01 0.479089E+01
 0.471601E+01 0.469987E+01 0.455581E+01 0.442907E+01 0.455990E+01 0.455990E+01
 0.455990E+01 0.455990E+01 0.455990E+01 0.455990E+01 0.455990E+01 0.455990E+01
 0.281326E+04 0.171664E+04 0.824199E+03 0.174548E+03 0.365416E+02 0.756883E+01
 0.728617E+01 0.648680E+01 0.551861E+01 0.506272E+01 0.500486E+01 0.511272E+01
 0.533164E+01 0.536783E+01 0.517059E+01 0.506109E+01 0.491477E+01 0.481609E+01
 0.471263E+01 0.468932E+01 0.459999E+01 0.452046E+01 0.454405E+01 0.454405E+01
 0.454405E+01 0.454405E+01 0.454405E+01 0.454405E+01 0.454405E+01 0.454405E+01
 0.449157E+04 0.270751E+04 0.144997E+04 0.255795E+03 0.453792E+02 0.800289E+01
 0.712473E+01 0.618462E+01 0.527968E+01 0.491646E+01 0.490013E+01 0.494672E+01
 0.513471E+01 0.508033E+01 0.492645E+01 0.489665E+01 0.480270E+01 0.471246E+01
 0.471231E+01 0.471801E+01 0.470897E+01 0.474269E+01 0.484387E+01 0.484387E+01
 0.484387E+01 0.484387E+01 0.484387E+01 0.484387E+01 0.484387E+01 0.484387E+01
 0.791570E+04 0.453726E+04 0.225040E+04 0.344154E+03 0.529182E+02 0.820819E+01
 0.699861E+01 0.575932E+01 0.480706E+01 0.449859E+01 0.454627E+01 0.466388E+01
 0.489847E+01 0.487499E+01 0.474581E+01 0.474548E+01 0.472946E+01 0.472632E+01
 0.478768E+01 0.484720E+01 0.487068E+01 0.494611E+01 0.506934E+01 0.506934E+01
 0.506934E+01 0.506934E+01 0.506934E+01 0.506934E+01 0.506934E+01 0.506934E+01
 0.117930E+05 0.648670E+04 0.321343E+04 0.443502E+03 0.620458E+02 0.884178E+01
 0.722004E+01 0.525581E+01 0.385228E+01 0.356895E+01 0.382687E+01 0.421741E+01
 0.462891E+01 0.473296E+01 0.467378E+01 0.469455E+01 0.469399E+01 0.473989E+01
 0.489053E+01 0.503668E+01 0.510972E+01 0.519688E+01 0.542408E+01 0.542408E+01
 0.542408E+01 0.542408E+01 0.542408E+01 0.542408E+01 0.542408E+01 0.542408E+01
 0.160600E+05 0.886449E+04 0.446721E+04 0.569754E+03 0.728626E+02 0.958568E+01
 0.778289E+01 0.468029E+01 0.284187E+01 0.217772E+01 0.270725E+01 0.354914E+01
 0.423238E+01 0.447894E+01 0.448238E+01 0.443246E+01 0.434671E+01 0.443782E+01
 0.466375E+01 0.492945E+01 0.521841E+01 0.563983E+01 0.606827E+01 0.606827E+01
 0.606827E+01 0.606827E+01 0.606827E+01 0.606827E+01 0.606827E+01 0.606827E+01
 0.205670E+05 0.113701E+05 0.553858E+04 0.650407E+03 0.758893E+02 0.919100E+01
 0.772930E+01 0.423577E+01 0.282264E+01 0.185601E+01 0.217319E+01 0.296106E+01
 0.368964E+01 0.400596E+01 0.411428E+01 0.415067E+01 0.409177E+01 0.419924E+01
 0.449609E+01 0.483478E+01 0.527540E+01 0.570824E+01 0.630465E+01 0.630465E+01
 0.630465E+01 0.630465E+01 0.630465E+01 0.630465E+01 0.630465E+01 0.630465E+01
 0.219606E+05 0.125657E+05 0.637251E+04 0.723218E+03 0.805872E+02 0.930122E+01
 0.882346E+01 0.536445E+01 0.330230E+01 0.241254E+01 0.236476E+01 0.277169E+01
 0.339926E+01 0.370448E+01 0.386129E+01 0.406191E+01 0.417206E+01 0.429512E+01
 0.456283E+01 0.487481E+01 0.513942E+01 0.538123E+01 0.582178E+01 0.582178E+01
 0.582178E+01 0.582178E+01 0.582178E+01 0.582178E+01 0.582178E+01 0.582178E+01
 0.208931E+05 0.123963E+05 0.649321E+04 0.719753E+03 0.789877E+02 0.893128E+01
 0.803147E+01 0.578857E+01 0.353565E+01 0.265556E+01 0.247185E+01 0.279098E+01
 0.342464E+01 0.374902E+01 0.388598E+01 0.408156E+01 0.418256E+01 0.422883E+01
 0.443026E+01 0.466970E+01 0.495106E+01 0.522023E+01 0.569630E+01 0.569630E+01
 0.569630E+01 0.569630E+01 0.569630E+01 0.569630E+01 0.569630E+01 0.569630E+01
 0.205198E+05 0.118046E+05 0.594963E+04 0.682976E+03 0.780741E+02 0.918028E+01
 0.803421E+01 0.495108E+01 0.287915E+01 0.217906E+01 0.238724E+01 0.289341E+01
 0.356659E+01 0.393578E+01 0.407492E+01 0.422802E+01 0.425201E+01 0.426457E+01
 0.434924E+01 0.458868E+01 0.486973E+01 0.516650E+01 0.562368E+01 0.562368E+01
 0.562368E+01 0.562368E+01 0.562368E+01 0.562368E+01 0.562368E+01 0.562368E+01
 0.186352E+05 0.105970E+05 0.537748E+04 0.640881E+03 0.765377E+02 0.934657E+01
 0.756611E+01 0.443311E+01 0.268178E+01 0.203965E+01 0.246231E+01 0.330214E+01
 0.395901E+01 0.425111E+01 0.437360E+01 0.443878E+01 0.439155E+01 0.440585E+01
 0.454691E+01 0.475642E+01 0.510395E+01 0.543191E+01 0.586455E+01 0.586455E+01
 0.586455E+01 0.586455E+01 0.586455E+01 0.586455E+01 0.586455E+01 0.586455E+01
 0.152072E+05 0.879158E+04 0.435877E+04 0.558573E+03 0.718853E+02 0.933671E+01
 0.733270E+01 0.467802E+01 0.292448E+01 0.261541E+01 0.314977E+01 0.384842E+01
 0.442271E+01 0.466142E+01 0.468590E+01 0.471555E+01 0.463819E+01 0.465482E+01
 0.478312E+01 0.502311E+01 0.536694E+01 0.562421E+01 0.595941E+01 0.595941E+01
 0.595941E+01 0.595941E+01 0.595941E+01 0.595941E+01 0.595941E+01 0.595941E+01
 0.119951E+05 0.712083E+04 0.336362E+04 0.449056E+03 0.597800E+02 0.802508E+01
 0.685388E+01 0.475050E+01 0.349291E+01 0.342885E+01 0.387035E+01 0.435260E+01
 0.478222E+01 0.488650E+01 0.485076E+01 0.487937E+01 0.480954E+01 0.481338E+01
 0.490246E+01 0.505169E+01 0.525447E+01 0.535200E+01 0.558658E+01 0.558658E+01
 0.558658E+01 0.558658E+01 0.558658E+01 0.558658E+01 0.558658E+01 0.558658E+01
 0.845393E+04 0.505780E+04 0.245726E+04 0.341209E+03 0.475026E+02 0.663046E+01
 0.603839E+01 0.505390E+01 0.433270E+01 0.426881E+01 0.453614E+01 0.482695E+01
 0.510584E+01 0.516006E+01 0.509272E+01 0.506746E+01 0.497210E+01 0.491481E+01
 0.491272E+01 0.498207E+01 0.508895E+01 0.514220E+01 0.513127E+01 0.513127E+01
 0.513127E+01 0.513127E+01 0.513127E+01 0.513127E+01 0.513127E+01 0.513127E+01
 0.559521E+04 0.339390E+04 0.146024E+04 0.234450E+03 0.375533E+02 0.602763E+01
 0.573219E+01 0.520988E+01 0.469655E+01 0.462158E+01 0.483750E+01 0.509408E+01
 0.533680E+01 0.533581E+01 0.520294E+01 0.515194E+01 0.502917E+01 0.493978E+01
 0.490795E+01 0.490831E+01 0.494722E+01 0.490378E+01 0.484244E+01 0.484244E+01
 0.484244E+01 0.484244E+01 0.484244E+01 0.484244E+01 0.484244E+01 0.484244E+01
 0.289923E+04 0.193472E+04 0.910201E+03 0.194684E+03 0.420058E+02 0.918153E+01
 0.573219E+01 0.520988E+01 0.469655E+01 0.462158E+01 0.483750E+01 0.509408E+01
 0.533680E+01 0.533581E+01 0.520294E+01 0.515194E+01 0.502917E+01 0.493978E+01
 0.490795E+01 0.490831E+01 0.494722E+01 0.490378E+01 0.484244E+01 0.484244E+01
 0.484244E+01 0.484244E+01 0.484244E+01 0.484244E+01 0.484244E+01 0.484244E+01
 0.141692E+04 0.104709E+04 0.576379E+03 0.145000E+03 0.366849E+02 0.953204E+01
 0.573219E+01 0.520988E+01 0.469655E+01 0.462158E+01 0.483750E+01 0.509408E+01
 0.533680E+01 0.533581E+01 0.520294E+01 0.515194E+01 0.502917E+01 0.493978E+01
 0.490795E+01 0.490831E+01 0.494722E+01 0.490378E+01 0.484244E+01 0.484244E+01
 0.484244E+01 0.484244E+01 0.484244E+01 0.484244E+01 0.484244E+01 0.484244E+01
 MONTH =    9
 0.790933E+03 0.605356E+03 0.379160E+03 0.105495E+03 0.288623E+02 0.793439E+01
 0.750546E+01 0.645589E+01 0.565647E+01 0.541903E+01 0.539491E+01 0.536861E+01
 0.537342E+01 0.522098E+01 0.501266E+01 0.494975E+01 0.484845E+01 0.475565E+01
 0.466706E+01 0.462359E+01 0.453426E+01 0.448004E+01 0.459093E+01 0.459093E+01
 0.459093E+01 0.459093E+01 0.459093E+01 0.459093E+01 0.459093E+01 0.459093E+01
 0.194006E+04 0.118556E+04 0.592185E+03 0.143096E+03 0.341992E+02 0.811745E+01
 0.754555E+01 0.647548E+01 0.560817E+01 0.537912E+01 0.541876E+01 0.540488E+01
 0.541620E+01 0.523956E+01 0.501625E+01 0.493135E+01 0.483142E+01 0.471127E+01
 0.464250E+01 0.456268E+01 0.447700E+01 0.443634E+01 0.460533E+01 0.460533E+01
 0.460533E+01 0.460533E+01 0.460533E+01 0.460533E+01 0.460533E+01 0.460533E+01
 0.313752E+04 0.197614E+04 0.972988E+03 0.197808E+03 0.399321E+02 0.795106E+01
 0.727458E+01 0.628981E+01 0.551017E+01 0.522126E+01 0.519518E+01 0.516072E+01
 0.519457E+01 0.504603E+01 0.487383E+01 0.485609E+01 0.479088E+01 0.470475E+01
 0.463971E+01 0.456934E+01 0.452494E+01 0.455969E+01 0.474277E+01 0.474277E+01
 0.474277E+01 0.474277E+01 0.474277E+01 0.474277E+01 0.474277E+01 0.474277E+01
 0.489726E+04 0.302225E+04 0.166765E+04 0.279621E+03 0.472859E+02 0.796097E+01
 0.682618E+01 0.581912E+01 0.504682E+01 0.483712E+01 0.486962E+01 0.488810E+01
 0.497285E+01 0.489585E+01 0.480146E+01 0.485732E+01 0.484416E+01 0.478881E+01
 0.480168E+01 0.481914E+01 0.483399E+01 0.483623E+01 0.506722E+01 0.506722E+01
 0.506722E+01 0.506722E+01 0.506722E+01 0.506722E+01 0.506722E+01 0.506722E+01
 0.839088E+04 0.493950E+04 0.251687E+04 0.369096E+03 0.544634E+02 0.814348E+01
 0.689635E+01 0.555503E+01 0.461686E+01 0.442295E+01 0.451616E+01 0.465289E+01
 0.486531E+01 0.486360E+01 0.480922E+01 0.488992E+01 0.490614E+01 0.492376E+01
 0.492957E+01 0.500520E+01 0.505581E+01 0.510859E+01 0.533063E+01 0.533063E+01
 0.533063E+01 0.533063E+01 0.533063E+01 0.533063E+01 0.533063E+01 0.533063E+01
 0.122939E+05 0.695121E+04 0.350040E+04 0.468840E+03 0.637142E+02 0.884235E+01
 0.733356E+01 0.528240E+01 0.376936E+01 0.349511E+01 0.380680E+01 0.426597E+01
 0.469522E+01 0.482680E+01 0.477884E+01 0.481171E+01 0.481677E+01 0.481218E+01
 0.494135E+01 0.511136E+01 0.518841E+01 0.529424E+01 0.550194E+01 0.550194E+01
 0.550194E+01 0.550194E+01 0.550194E+01 0.550194E+01 0.550194E+01 0.550194E+01
 0.164976E+05 0.924655E+04 0.472348E+04 0.591295E+03 0.743145E+02 0.962899E+01
 0.803657E+01 0.490691E+01 0.294909E+01 0.222134E+01 0.274697E+01 0.363777E+01
 0.433830E+01 0.453895E+01 0.447044E+01 0.445814E+01 0.440581E+01 0.446955E+01
 0.469738E+01 0.492668E+01 0.512491E+01 0.536111E+01 0.573873E+01 0.573873E+01
 0.573873E+01 0.573873E+01 0.573873E+01 0.573873E+01 0.573873E+01 0.573873E+01
 0.208261E+05 0.115929E+05 0.570885E+04 0.647098E+03 0.730386E+02 0.853888E+01
 0.796600E+01 0.458361E+01 0.288556E+01 0.196179E+01 0.235225E+01 0.312091E+01
 0.380980E+01 0.405143E+01 0.408802E+01 0.417383E+01 0.420873E+01 0.436327E+01
 0.465254E+01 0.499265E+01 0.534445E+01 0.567878E+01 0.610336E+01 0.610336E+01
 0.610336E+01 0.610336E+01 0.610336E+01 0.610336E+01 0.610336E+01 0.610336E+01
 0.221217E+05 0.127301E+05 0.646904E+04 0.714433E+03 0.777117E+02 0.873388E+01
 0.811611E+01 0.538280E+01 0.344511E+01 0.261006E+01 0.253276E+01 0.290362E+01
 0.349116E+01 0.372966E+01 0.382376E+01 0.405347E+01 0.420946E+01 0.441585E+01
 0.475076E+01 0.508640E+01 0.537889E+01 0.558818E+01 0.594591E+01 0.594591E+01
 0.594591E+01 0.594591E+01 0.594591E+01 0.594591E+01 0.594591E+01 0.594591E+01
 0.208724E+05 0.123510E+05 0.641428E+04 0.714533E+03 0.784343E+02 0.888250E+01
 0.879807E+01 0.563188E+01 0.353797E+01 0.264339E+01 0.250511E+01 0.289705E+01
 0.346596E+01 0.371397E+01 0.384607E+01 0.405154E+01 0.418698E+01 0.430003E+01
 0.454933E+01 0.484137E+01 0.510327E+01 0.538718E+01 0.569938E+01 0.569938E+01
 0.569938E+01 0.569938E+01 0.569938E+01 0.569938E+01 0.569938E+01 0.569938E+01
 0.202751E+05 0.115638E+05 0.571898E+04 0.650428E+03 0.735040E+02 0.857421E+01
 0.816262E+01 0.516820E+01 0.301879E+01 0.216315E+01 0.232377E+01 0.301843E+01
 0.368127E+01 0.398625E+01 0.413309E+01 0.430799E+01 0.433172E+01 0.434609E+01
 0.447640E+01 0.464149E+01 0.491669E+01 0.516711E+01 0.558356E+01 0.558356E+01
 0.558356E+01 0.558356E+01 0.558356E+01 0.558356E+01 0.558356E+01 0.558356E+01
 0.180368E+05 0.100393E+05 0.495381E+04 0.612063E+03 0.754715E+02 0.953257E+01
 0.797605E+01 0.469829E+01 0.290745E+01 0.214929E+01 0.261792E+01 0.338984E+01
 0.402556E+01 0.429465E+01 0.440971E+01 0.450825E+01 0.447017E+01 0.444429E+01
 0.451456E+01 0.463005E+01 0.487365E+01 0.519068E+01 0.558668E+01 0.558668E+01
 0.558668E+01 0.558668E+01 0.558668E+01 0.558668E+01 0.558668E+01 0.558668E+01
 0.142748E+05 0.801528E+04 0.386121E+04 0.532173E+03 0.736591E+02 0.102741E+02
 0.784935E+01 0.493872E+01 0.320440E+01 0.288845E+01 0.338375E+01 0.402306E+01
 0.452391E+01 0.472187E+01 0.472853E+01 0.474335E+01 0.464500E+01 0.459438E+01
 0.467735E+01 0.481898E+01 0.502991E+01 0.528652E+01 0.555747E+01 0.555747E+01
 0.555747E+01 0.555747E+01 0.555747E+01 0.555747E+01 0.555747E+01 0.555747E+01
 0.109888E+05 0.631239E+04 0.287666E+04 0.427154E+03 0.631157E+02 0.937196E+01
 0.737136E+01 0.510683E+01 0.376118E+01 0.367802E+01 0.408452E+01 0.450512E+01
 0.487269E+01 0.498029E+01 0.493869E+01 0.495561E+01 0.487304E+01 0.478999E+01
 0.477979E+01 0.490115E+01 0.505659E+01 0.519957E+01 0.542725E+01 0.542725E+01
 0.542725E+01 0.542725E+01 0.542725E+01 0.542725E+01 0.542725E+01 0.542725E+01
 0.762232E+04 0.440503E+04 0.201945E+04 0.316642E+03 0.498013E+02 0.783313E+01
 0.687779E+01 0.546946E+01 0.456056E+01 0.446226E+01 0.465779E+01 0.490218E+01
 0.515803E+01 0.517346E+01 0.511702E+01 0.513165E+01 0.502942E+01 0.494923E+01
 0.491071E+01 0.493762E+01 0.502413E+01 0.504883E+01 0.522541E+01 0.522541E+01
 0.522541E+01 0.522541E+01 0.522541E+01 0.522541E+01 0.522541E+01 0.522541E+01
 0.488866E+04 0.287178E+04 0.116137E+04 0.214641E+03 0.395157E+02 0.731774E+01
 0.673242E+01 0.584718E+01 0.508650E+01 0.490195E+01 0.500811E+01 0.513571E+01
 0.534021E+01 0.534182E+01 0.524217E+01 0.523088E+01 0.507882E+01 0.494722E+01
 0.485814E+01 0.484877E+01 0.486303E+01 0.479631E+01 0.487214E+01 0.487214E+01
 0.487214E+01 0.487214E+01 0.487214E+01 0.487214E+01 0.487214E+01 0.487214E+01
 0.241905E+04 0.156815E+04 0.712502E+03 0.164400E+03 0.380023E+02 0.895001E+01
 0.673242E+01 0.584718E+01 0.508650E+01 0.490195E+01 0.500811E+01 0.513571E+01
 0.534021E+01 0.534182E+01 0.524217E+01 0.523088E+01 0.507882E+01 0.494722E+01
 0.485814E+01 0.484877E+01 0.486303E+01 0.479631E+01 0.487214E+01 0.487214E+01
 0.487214E+01 0.487214E+01 0.487214E+01 0.487214E+01 0.487214E+01 0.487214E+01
 0.113219E+04 0.817058E+03 0.447719E+03 0.120209E+03 0.321779E+02 0.888000E+01
 0.673242E+01 0.584718E+01 0.508650E+01 0.490195E+01 0.500811E+01 0.513571E+01
 0.534021E+01 0.534182E+01 0.524217E+01 0.523088E+01 0.507882E+01 0.494722E+01
 0.485814E+01 0.484877E+01 0.486303E+01 0.479631E+01 0.487214E+01 0.487214E+01
 0.487214E+01 0.487214E+01 0.487214E+01 0.487214E+01 0.487214E+01 0.487214E+01
 MONTH =   10
 0.113642E+04 0.868282E+03 0.509712E+03 0.121134E+03 0.285343E+02 0.681693E+01
 0.718572E+01 0.655659E+01 0.575234E+01 0.532851E+01 0.518617E+01 0.511923E+01
 0.517551E+01 0.511371E+01 0.499957E+01 0.500078E+01 0.492528E+01 0.482748E+01
 0.477715E+01 0.476561E+01 0.475927E+01 0.481598E+01 0.490483E+01 0.490483E+01
 0.490483E+01 0.490483E+01 0.490483E+01 0.490483E+01 0.490483E+01 0.490483E+01
 0.247752E+04 0.160081E+04 0.794990E+03 0.164671E+03 0.342465E+02 0.708914E+01
 0.680288E+01 0.614496E+01 0.540552E+01 0.513242E+01 0.504984E+01 0.502009E+01
 0.509953E+01 0.503523E+01 0.494200E+01 0.499164E+01 0.495534E+01 0.486352E+01
 0.483753E+01 0.487243E+01 0.486477E+01 0.489377E+01 0.504041E+01 0.504041E+01
 0.504041E+01 0.504041E+01 0.504041E+01 0.504041E+01 0.504041E+01 0.504041E+01
 0.424686E+04 0.269206E+04 0.128600E+04 0.230251E+03 0.412807E+02 0.733001E+01
 0.641980E+01 0.552535E+01 0.490710E+01 0.478624E+01 0.484305E+01 0.487941E+01
 0.499849E+01 0.493984E+01 0.490929E+01 0.501832E+01 0.503662E+01 0.498068E+01
 0.501401E+01 0.507017E+01 0.512517E+01 0.523538E+01 0.540436E+01 0.540436E+01
 0.540436E+01 0.540436E+01 0.540436E+01 0.540436E+01 0.540436E+01 0.540436E+01
 0.643915E+04 0.401682E+04 0.215632E+04 0.324067E+03 0.493513E+02 0.752967E+01
 0.637114E+01 0.524246E+01 0.454898E+01 0.451192E+01 0.463261E+01 0.476200E+01
 0.493353E+01 0.495552E+01 0.494898E+01 0.504430E+01 0.507245E+01 0.509414E+01
 0.516864E+01 0.530418E+01 0.539355E+01 0.545500E+01 0.563499E+01 0.563499E+01
 0.563499E+01 0.563499E+01 0.563499E+01 0.563499E+01 0.563499E+01 0.563499E+01
 0.998354E+04 0.606197E+04 0.305090E+04 0.414618E+03 0.568760E+02 0.793164E+01
 0.670772E+01 0.509625E+01 0.409899E+01 0.404626E+01 0.430418E+01 0.457661E+01
 0.485491E+01 0.489662E+01 0.488148E+01 0.496396E+01 0.501901E+01 0.507951E+01
 0.522181E+01 0.538746E+01 0.553133E+01 0.559152E+01 0.572388E+01 0.572388E+01
 0.572388E+01 0.572388E+01 0.572388E+01 0.572388E+01 0.572388E+01 0.572388E+01
 0.136165E+05 0.795457E+04 0.404570E+04 0.521690E+03 0.681348E+02 0.912369E+01
 0.763960E+01 0.515084E+01 0.347677E+01 0.321491E+01 0.364373E+01 0.422493E+01
 0.467130E+01 0.477952E+01 0.472013E+01 0.475016E+01 0.474851E+01 0.479915E+01
 0.498502E+01 0.517298E+01 0.539070E+01 0.548192E+01 0.561784E+01 0.561784E+01
 0.561784E+01 0.561784E+01 0.561784E+01 0.561784E+01 0.561784E+01 0.561784E+01
 0.174304E+05 0.100102E+05 0.518459E+04 0.632717E+03 0.777618E+02 0.985832E+01
 0.828913E+01 0.507416E+01 0.306586E+01 0.226216E+01 0.281069E+01 0.372545E+01
 0.436899E+01 0.452263E+01 0.446496E+01 0.449890E+01 0.448700E+01 0.453945E+01
 0.472565E+01 0.505302E+01 0.536613E+01 0.561454E+01 0.600310E+01 0.600310E+01
 0.600310E+01 0.600310E+01 0.600310E+01 0.600310E+01 0.600310E+01 0.600310E+01
 0.208449E+05 0.118092E+05 0.593900E+04 0.682488E+03 0.781351E+02 0.924337E+01
 0.856088E+01 0.496841E+01 0.300900E+01 0.220285E+01 0.249840E+01 0.330875E+01
 0.398923E+01 0.415838E+01 0.411579E+01 0.421907E+01 0.429556E+01 0.441556E+01
 0.472145E+01 0.512246E+01 0.549926E+01 0.574782E+01 0.611406E+01 0.611406E+01
 0.611406E+01 0.611406E+01 0.611406E+01 0.611406E+01 0.611406E+01 0.611406E+01
 0.217494E+05 0.126602E+05 0.653970E+04 0.734100E+03 0.815319E+02 0.931952E+01
 0.830579E+01 0.578868E+01 0.348737E+01 0.267213E+01 0.261118E+01 0.303730E+01
 0.360608E+01 0.375098E+01 0.375999E+01 0.397006E+01 0.419566E+01 0.449551E+01
 0.489726E+01 0.522783E+01 0.547411E+01 0.551573E+01 0.574669E+01 0.574669E+01
 0.574669E+01 0.574669E+01 0.574669E+01 0.574669E+01 0.574669E+01 0.574669E+01
 0.211636E+05 0.123455E+05 0.634981E+04 0.708957E+03 0.776065E+02 0.879105E+01
 0.854556E+01 0.603905E+01 0.334890E+01 0.246633E+01 0.252637E+01 0.297423E+01
 0.354197E+01 0.372461E+01 0.379380E+01 0.399461E+01 0.415991E+01 0.441876E+01
 0.478653E+01 0.509710E+01 0.537422E+01 0.547653E+01 0.578137E+01 0.578137E+01
 0.578137E+01 0.578137E+01 0.578137E+01 0.578137E+01 0.578137E+01 0.578137E+01
 0.202958E+05 0.113766E+05 0.554795E+04 0.635728E+03 0.721762E+02 0.848139E+01
 0.803866E+01 0.503432E+01 0.301620E+01 0.209587E+01 0.238902E+01 0.315712E+01
 0.378314E+01 0.401833E+01 0.412616E+01 0.425607E+01 0.426067E+01 0.428833E+01
 0.444451E+01 0.472278E+01 0.509086E+01 0.545119E+01 0.589586E+01 0.589586E+01
 0.589586E+01 0.589586E+01 0.589586E+01 0.589586E+01 0.589586E+01 0.589586E+01
 0.171410E+05 0.941458E+04 0.462923E+04 0.594891E+03 0.764130E+02 0.100637E+02
 0.808287E+01 0.486713E+01 0.299436E+01 0.231246E+01 0.283291E+01 0.360334E+01
 0.417900E+01 0.440897E+01 0.450128E+01 0.458147E+01 0.451277E+01 0.443936E+01
 0.448139E+01 0.464519E+01 0.496532E+01 0.526211E+01 0.573023E+01 0.573023E+01
 0.573023E+01 0.573023E+01 0.573023E+01 0.573023E+01 0.573023E+01 0.573023E+01
 0.130823E+05 0.718967E+04 0.345951E+04 0.501868E+03 0.731800E+02 0.107740E+02
 0.810626E+01 0.529595E+01 0.360812E+01 0.336518E+01 0.375664E+01 0.424125E+01
 0.465051E+01 0.482527E+01 0.482971E+01 0.483539E+01 0.472441E+01 0.463335E+01
 0.466694E+01 0.477356E+01 0.497418E+01 0.518074E+01 0.548369E+01 0.548369E+01
 0.548369E+01 0.548369E+01 0.548369E+01 0.548369E+01 0.548369E+01 0.548369E+01
 0.957937E+04 0.542703E+04 0.248575E+04 0.401055E+03 0.645888E+02 0.104135E+02
 0.772723E+01 0.559714E+01 0.434284E+01 0.420607E+01 0.443847E+01 0.467127E+01
 0.495765E+01 0.504007E+01 0.501797E+01 0.503198E+01 0.491381E+01 0.481211E+01
 0.478482E+01 0.487016E+01 0.493790E+01 0.507144E+01 0.537726E+01 0.537726E+01
 0.537726E+01 0.537726E+01 0.537726E+01 0.537726E+01 0.537726E+01 0.537726E+01
 0.626251E+04 0.360340E+04 0.167753E+04 0.300232E+03 0.539699E+02 0.968118E+01
 0.784333E+01 0.627877E+01 0.522458E+01 0.496882E+01 0.503025E+01 0.508604E+01
 0.525031E+01 0.521762E+01 0.513283E+01 0.512245E+01 0.499733E+01 0.479904E+01
 0.471804E+01 0.474245E+01 0.477842E+01 0.496053E+01 0.517780E+01 0.517780E+01
 0.517780E+01 0.517780E+01 0.517780E+01 0.517780E+01 0.517780E+01 0.517780E+01
 0.394975E+04 0.229754E+04 0.946357E+03 0.204000E+03 0.436907E+02 0.942023E+01
 0.807601E+01 0.666266E+01 0.566577E+01 0.532391E+01 0.530284E+01 0.523044E+01
 0.533700E+01 0.526130E+01 0.519916E+01 0.519591E+01 0.502948E+01 0.485277E+01
 0.464187E+01 0.459989E+01 0.463082E+01 0.461376E+01 0.472649E+01 0.472649E+01
 0.472649E+01 0.472649E+01 0.472649E+01 0.472649E+01 0.472649E+01 0.472649E+01
 0.204253E+04 0.126995E+04 0.570534E+03 0.148748E+03 0.384199E+02 0.101400E+02
 0.807601E+01 0.666266E+01 0.566577E+01 0.532391E+01 0.530284E+01 0.523044E+01
 0.533700E+01 0.526130E+01 0.519916E+01 0.519591E+01 0.502948E+01 0.485277E+01
 0.464187E+01 0.459989E+01 0.463082E+01 0.461376E+01 0.472649E+01 0.472649E+01
 0.472649E+01 0.472649E+01 0.472649E+01 0.472649E+01 0.472649E+01 0.472649E+01
 0.884996E+03 0.637891E+03 0.351605E+03 0.109065E+03 0.335229E+02 0.106059E+02
 0.807601E+01 0.666266E+01 0.566577E+01 0.532391E+01 0.530284E+01 0.523044E+01
 0.533700E+01 0.526130E+01 0.519916E+01 0.519591E+01 0.502948E+01 0.485277E+01
 0.464187E+01 0.459989E+01 0.463082E+01 0.461376E+01 0.472649E+01 0.472649E+01
 0.472649E+01 0.472649E+01 0.472649E+01 0.472649E+01 0.472649E+01 0.472649E+01
 MONTH =   11
 0.151323E+04 0.113921E+04 0.646625E+03 0.135066E+03 0.281420E+02 0.598757E+01
 0.518596E+01 0.470278E+01 0.431832E+01 0.441456E+01 0.481626E+01 0.517188E+01
 0.546043E+01 0.540244E+01 0.526042E+01 0.520857E+01 0.503362E+01 0.492746E+01
 0.489453E+01 0.490474E+01 0.495819E+01 0.488740E+01 0.486056E+01 0.486056E+01
 0.486056E+01 0.486056E+01 0.486056E+01 0.486056E+01 0.486056E+01 0.486056E+01
 0.306230E+04 0.203433E+04 0.100370E+04 0.184973E+03 0.346468E+02 0.646553E+01
 0.518596E+01 0.470278E+01 0.431832E+01 0.441456E+01 0.481626E+01 0.517188E+01
 0.546043E+01 0.540244E+01 0.526042E+01 0.520857E+01 0.503362E+01 0.492746E+01
 0.489453E+01 0.490474E+01 0.495819E+01 0.488740E+01 0.486056E+01 0.486056E+01
 0.486056E+01 0.486056E+01 0.486056E+01 0.486056E+01 0.486056E+01 0.486056E+01
 0.537443E+04 0.341676E+04 0.160319E+04 0.237900E+03 0.355717E+02 0.527940E+01
 0.518596E+01 0.470278E+01 0.431832E+01 0.441456E+01 0.481626E+01 0.517188E+01
 0.546043E+01 0.540244E+01 0.526042E+01 0.520857E+01 0.503362E+01 0.492746E+01
 0.489453E+01 0.490474E+01 0.495819E+01 0.488740E+01 0.486056E+01 0.486056E+01
 0.486056E+01 0.486056E+01 0.486056E+01 0.486056E+01 0.486056E+01 0.486056E+01
 0.794732E+04 0.499823E+04 0.264131E+04 0.342095E+03 0.451095E+02 0.596552E+01
 0.547911E+01 0.485306E+01 0.428957E+01 0.424658E+01 0.454634E+01 0.487667E+01
 0.517560E+01 0.520659E+01 0.511644E+01 0.509096E+01 0.500583E+01 0.495422E+01
 0.494546E+01 0.501796E+01 0.512899E+01 0.513564E+01 0.513755E+01 0.513755E+01
 0.513755E+01 0.513755E+01 0.513755E+01 0.513755E+01 0.513755E+01 0.513755E+01
 0.115663E+05 0.717601E+04 0.358450E+04 0.450920E+03 0.571892E+02 0.740293E+01
 0.633913E+01 0.493127E+01 0.393104E+01 0.378421E+01 0.403854E+01 0.441498E+01
 0.479716E+01 0.493258E+01 0.496426E+01 0.501885E+01 0.495304E+01 0.494129E+01
 0.505652E+01 0.523359E+01 0.543595E+01 0.557917E+01 0.573441E+01 0.573441E+01
 0.573441E+01 0.573441E+01 0.573441E+01 0.573441E+01 0.573441E+01 0.573441E+01
 0.149603E+05 0.895281E+04 0.460099E+04 0.568541E+03 0.709718E+02 0.910781E+01
 0.734463E+01 0.503262E+01 0.347019E+01 0.314747E+01 0.352239E+01 0.402454E+01
 0.452863E+01 0.473042E+01 0.475243E+01 0.483360E+01 0.481067E+01 0.484606E+01
 0.501002E+01 0.529187E+01 0.556268E+01 0.577152E+01 0.600741E+01 0.600741E+01
 0.600741E+01 0.600741E+01 0.600741E+01 0.600741E+01 0.600741E+01 0.600741E+01
 0.184016E+05 0.107819E+05 0.564322E+04 0.669057E+03 0.799355E+02 0.985424E+01
 0.808099E+01 0.494114E+01 0.305209E+01 0.242785E+01 0.283466E+01 0.357223E+01
 0.423309E+01 0.454641E+01 0.461272E+01 0.463025E+01 0.455356E+01 0.457399E+01
 0.471624E+01 0.502457E+01 0.545140E+01 0.584044E+01 0.626210E+01 0.626210E+01
 0.626210E+01 0.626210E+01 0.626210E+01 0.626210E+01 0.626210E+01 0.626210E+01
 0.208250E+05 0.120359E+05 0.616866E+04 0.692804E+03 0.777648E+02 0.896993E+01
 0.794541E+01 0.473863E+01 0.286781E+01 0.219070E+01 0.248648E+01 0.324142E+01
 0.396355E+01 0.425471E+01 0.426921E+01 0.423712E+01 0.414215E+01 0.418916E+01
 0.443035E+01 0.475953E+01 0.528693E+01 0.574917E+01 0.620951E+01 0.620951E+01
 0.620951E+01 0.620951E+01 0.620951E+01 0.620951E+01 0.620951E+01 0.620951E+01
 0.213467E+05 0.126004E+05 0.660051E+04 0.745802E+03 0.836084E+02 0.961005E+01
 0.933333E+01 0.563544E+01 0.319934E+01 0.245442E+01 0.249775E+01 0.296915E+01
 0.366728E+01 0.402674E+01 0.405075E+01 0.406900E+01 0.412171E+01 0.437201E+01
 0.479920E+01 0.514952E+01 0.548684E+01 0.573599E+01 0.610100E+01 0.610100E+01
 0.610100E+01 0.610100E+01 0.610100E+01 0.610100E+01 0.610100E+01 0.610100E+01
 0.214159E+05 0.123400E+05 0.628132E+04 0.701153E+03 0.764695E+02 0.864498E+01
 0.828868E+01 0.529044E+01 0.325193E+01 0.257301E+01 0.248153E+01 0.290939E+01
 0.361253E+01 0.398943E+01 0.403389E+01 0.410253E+01 0.421336E+01 0.451468E+01
 0.499069E+01 0.532077E+01 0.560390E+01 0.571608E+01 0.595555E+01 0.595555E+01
 0.595555E+01 0.595555E+01 0.595555E+01 0.595555E+01 0.595555E+01 0.595555E+01
 0.202891E+05 0.111665E+05 0.538007E+04 0.637502E+03 0.746873E+02 0.909181E+01
 0.879438E+01 0.536638E+01 0.322934E+01 0.239669E+01 0.245690E+01 0.307499E+01
 0.380062E+01 0.418670E+01 0.429023E+01 0.436306E+01 0.433860E+01 0.443606E+01
 0.471987E+01 0.513518E+01 0.563096E+01 0.599097E+01 0.642521E+01 0.642521E+01
 0.642521E+01 0.642521E+01 0.642521E+01 0.642521E+01 0.642521E+01 0.642521E+01
 0.161753E+05 0.878563E+04 0.430883E+04 0.558847E+03 0.724504E+02 0.962400E+01
 0.861379E+01 0.513533E+01 0.324311E+01 0.244957E+01 0.274340E+01 0.341541E+01
 0.408532E+01 0.443177E+01 0.453095E+01 0.458204E+01 0.448184E+01 0.441480E+01
 0.446891E+01 0.477701E+01 0.529349E+01 0.575584E+01 0.638913E+01 0.638913E+01
 0.638913E+01 0.638913E+01 0.638913E+01 0.638913E+01 0.638913E+01 0.638913E+01
 0.118912E+05 0.638148E+04 0.306061E+04 0.457309E+03 0.688558E+02 0.104398E+02
 0.870921E+01 0.594563E+01 0.408666E+01 0.343933E+01 0.357123E+01 0.399102E+01
 0.448629E+01 0.475387E+01 0.484801E+01 0.493192E+01 0.483209E+01 0.472415E+01
 0.473735E+01 0.484264E+01 0.502909E+01 0.540116E+01 0.590395E+01 0.590395E+01
 0.590395E+01 0.590395E+01 0.590395E+01 0.590395E+01 0.590395E+01 0.590395E+01
 0.820922E+04 0.455240E+04 0.209781E+04 0.360521E+03 0.617852E+02 0.105834E+02
 0.865704E+01 0.639597E+01 0.477722E+01 0.422561E+01 0.418178E+01 0.434400E+01
 0.467821E+01 0.489115E+01 0.496583E+01 0.502433E+01 0.494624E+01 0.479060E+01
 0.470549E+01 0.472710E+01 0.482845E+01 0.506803E+01 0.557809E+01 0.557809E+01
 0.557809E+01 0.557809E+01 0.557809E+01 0.557809E+01 0.557809E+01 0.557809E+01
 0.494533E+04 0.282151E+04 0.134284E+04 0.264554E+03 0.522922E+02 0.102961E+02
 0.854049E+01 0.676890E+01 0.525326E+01 0.466691E+01 0.454423E+01 0.457138E+01
 0.477689E+01 0.485396E+01 0.485111E+01 0.487296E+01 0.481529E+01 0.469839E+01
 0.470146E+01 0.472889E+01 0.476635E+01 0.487678E+01 0.525773E+01 0.525773E+01
 0.525773E+01 0.525773E+01 0.525773E+01 0.525773E+01 0.525773E+01 0.525773E+01
 0.303872E+04 0.174705E+04 0.733116E+03 0.178248E+03 0.430971E+02 0.104773E+02
 0.886773E+01 0.715233E+01 0.563884E+01 0.492035E+01 0.471576E+01 0.469174E+01
 0.484185E+01 0.489931E+01 0.488223E+01 0.484459E+01 0.474435E+01 0.469418E+01
 0.473776E+01 0.477936E+01 0.478775E+01 0.490471E+01 0.501306E+01 0.501306E+01
 0.501306E+01 0.501306E+01 0.501306E+01 0.501306E+01 0.501306E+01 0.501306E+01
 0.168455E+04 0.990000E+03 0.429562E+03 0.128636E+03 0.376309E+02 0.113076E+02
 0.927719E+01 0.753203E+01 0.584057E+01 0.508448E+01 0.481475E+01 0.478480E+01
 0.493317E+01 0.498531E+01 0.503382E+01 0.503875E+01 0.493993E+01 0.484901E+01
 0.477539E+01 0.471142E+01 0.458264E+01 0.453804E+01 0.490737E+01 0.490737E+01
 0.490737E+01 0.490737E+01 0.490737E+01 0.490737E+01 0.490737E+01 0.490737E+01
 0.659213E+03 0.463304E+03 0.256993E+03 0.932533E+02 0.333904E+02 0.123378E+02
 0.927719E+01 0.753203E+01 0.584057E+01 0.508448E+01 0.481475E+01 0.478480E+01
 0.493317E+01 0.498531E+01 0.503382E+01 0.503875E+01 0.493993E+01 0.484901E+01
 0.477539E+01 0.471142E+01 0.458264E+01 0.453804E+01 0.490737E+01 0.490737E+01
 0.490737E+01 0.490737E+01 0.490737E+01 0.490737E+01 0.490737E+01 0.490737E+01
 MONTH =   12
 0.185017E+04 0.139731E+04 0.777255E+03 0.160750E+03 0.336867E+02 0.727828E+01
 0.534525E+01 0.496004E+01 0.453473E+01 0.453765E+01 0.488509E+01 0.519039E+01
 0.545554E+01 0.543346E+01 0.530263E+01 0.523191E+01 0.509275E+01 0.500594E+01
 0.499713E+01 0.503488E+01 0.504558E+01 0.497414E+01 0.487399E+01 0.487399E+01
 0.487399E+01 0.487399E+01 0.487399E+01 0.487399E+01 0.487399E+01 0.487399E+01
 0.360997E+04 0.245764E+04 0.121143E+04 0.217383E+03 0.404154E+02 0.751627E+01
 0.534525E+01 0.496004E+01 0.453473E+01 0.453765E+01 0.488509E+01 0.519039E+01
 0.545554E+01 0.543346E+01 0.530263E+01 0.523191E+01 0.509275E+01 0.500594E+01
 0.499713E+01 0.503488E+01 0.504558E+01 0.497414E+01 0.487399E+01 0.487399E+01
 0.487399E+01 0.487399E+01 0.487399E+01 0.487399E+01 0.487399E+01 0.487399E+01
 0.647132E+04 0.412689E+04 0.191362E+04 0.267241E+03 0.379173E+02 0.534853E+01
 0.534525E+01 0.496004E+01 0.453473E+01 0.453765E+01 0.488509E+01 0.519039E+01
 0.545554E+01 0.543346E+01 0.530263E+01 0.523191E+01 0.509275E+01 0.500594E+01
 0.499713E+01 0.503488E+01 0.504558E+01 0.497414E+01 0.487399E+01 0.487399E+01
 0.487399E+01 0.487399E+01 0.487399E+01 0.487399E+01 0.487399E+01 0.487399E+01
 0.942921E+04 0.597112E+04 0.311850E+04 0.377221E+03 0.464867E+02 0.576813E+01
 0.540695E+01 0.479439E+01 0.423713E+01 0.421990E+01 0.455192E+01 0.488910E+01
 0.519919E+01 0.523406E+01 0.514426E+01 0.509940E+01 0.502292E+01 0.497844E+01
 0.499748E+01 0.508781E+01 0.516115E+01 0.514919E+01 0.510145E+01 0.510145E+01
 0.510145E+01 0.510145E+01 0.510145E+01 0.510145E+01 0.510145E+01 0.510145E+01
 0.131369E+05 0.829280E+04 0.411964E+04 0.486476E+03 0.578507E+02 0.704976E+01
 0.616287E+01 0.467097E+01 0.362655E+01 0.355060E+01 0.390978E+01 0.435821E+01
 0.477859E+01 0.491245E+01 0.488454E+01 0.494955E+01 0.495146E+01 0.496164E+01
 0.507485E+01 0.527161E+01 0.549128E+01 0.556808E+01 0.570095E+01 0.570095E+01
 0.570095E+01 0.570095E+01 0.570095E+01 0.570095E+01 0.570095E+01 0.570095E+01
 0.163122E+05 0.996861E+04 0.516427E+04 0.604410E+03 0.712463E+02 0.862200E+01
 0.718875E+01 0.481656E+01 0.309606E+01 0.287804E+01 0.332593E+01 0.391066E+01
 0.445633E+01 0.466714E+01 0.471474E+01 0.477913E+01 0.477815E+01 0.485580E+01
 0.503256E+01 0.528605E+01 0.562165E+01 0.583331E+01 0.610183E+01 0.610183E+01
 0.610183E+01 0.610183E+01 0.610183E+01 0.610183E+01 0.610183E+01 0.610183E+01
 0.193777E+05 0.115551E+05 0.611032E+04 0.693218E+03 0.792728E+02 0.934440E+01
 0.764126E+01 0.458365E+01 0.274407E+01 0.220703E+01 0.270126E+01 0.351342E+01
 0.418302E+01 0.446801E+01 0.455087E+01 0.462819E+01 0.454638E+01 0.458089E+01
 0.475039E+01 0.504415E+01 0.542621E+01 0.574038E+01 0.624034E+01 0.624034E+01
 0.624034E+01 0.624034E+01 0.624034E+01 0.624034E+01 0.624034E+01 0.624034E+01
 0.207863E+05 0.122456E+05 0.639582E+04 0.711581E+03 0.793304E+02 0.906768E+01
 0.788743E+01 0.499000E+01 0.294154E+01 0.221862E+01 0.249504E+01 0.321919E+01
 0.393113E+01 0.427970E+01 0.434007E+01 0.433462E+01 0.422438E+01 0.421130E+01
 0.438790E+01 0.471770E+01 0.511830E+01 0.552172E+01 0.593406E+01 0.593406E+01
 0.593406E+01 0.593406E+01 0.593406E+01 0.593406E+01 0.593406E+01 0.593406E+01
 0.209252E+05 0.125158E+05 0.666111E+04 0.724893E+03 0.785872E+02 0.871990E+01
 0.876000E+01 0.549739E+01 0.327024E+01 0.267311E+01 0.264038E+01 0.294358E+01
 0.361094E+01 0.397674E+01 0.408436E+01 0.417287E+01 0.422342E+01 0.439292E+01
 0.464852E+01 0.494141E+01 0.526581E+01 0.544132E+01 0.578244E+01 0.578244E+01
 0.578244E+01 0.578244E+01 0.578244E+01 0.578244E+01 0.578244E+01 0.578244E+01
 0.216681E+05 0.123128E+05 0.620700E+04 0.703206E+03 0.774276E+02 0.887234E+01
 0.887676E+01 0.589620E+01 0.340594E+01 0.261716E+01 0.255360E+01 0.287558E+01
 0.354264E+01 0.393450E+01 0.406353E+01 0.416996E+01 0.428887E+01 0.458731E+01
 0.495301E+01 0.527517E+01 0.559278E+01 0.576893E+01 0.610897E+01 0.610897E+01
 0.610897E+01 0.610897E+01 0.610897E+01 0.610897E+01 0.610897E+01 0.610897E+01
 0.202259E+05 0.109736E+05 0.521102E+04 0.620144E+03 0.730937E+02 0.897355E+01
 0.762500E+01 0.465312E+01 0.281498E+01 0.205470E+01 0.238700E+01 0.309005E+01
 0.380582E+01 0.419087E+01 0.430024E+01 0.431433E+01 0.430900E+01 0.443037E+01
 0.469419E+01 0.516772E+01 0.571593E+01 0.618291E+01 0.667587E+01 0.667587E+01
 0.667587E+01 0.667587E+01 0.667587E+01 0.667587E+01 0.667587E+01 0.667587E+01
 0.152699E+05 0.815829E+04 0.398122E+04 0.525594E+03 0.691336E+02 0.931699E+01
 0.783382E+01 0.471485E+01 0.294012E+01 0.227595E+01 0.273719E+01 0.347673E+01
 0.415530E+01 0.449692E+01 0.454386E+01 0.445419E+01 0.431430E+01 0.429328E+01
 0.450467E+01 0.491663E+01 0.545791E+01 0.600786E+01 0.657435E+01 0.657435E+01
 0.657435E+01 0.657435E+01 0.657435E+01 0.657435E+01 0.657435E+01 0.657435E+01
 0.107694E+05 0.557957E+04 0.267654E+04 0.401943E+03 0.609427E+02 0.928613E+01
 0.747621E+01 0.527889E+01 0.374149E+01 0.336632E+01 0.355388E+01 0.392178E+01
 0.443767E+01 0.468623E+01 0.470761E+01 0.465491E+01 0.450673E+01 0.438425E+01
 0.453561E+01 0.486018E+01 0.506203E+01 0.544366E+01 0.581010E+01 0.581010E+01
 0.581010E+01 0.581010E+01 0.581010E+01 0.581010E+01 0.581010E+01 0.581010E+01
 0.690928E+04 0.371207E+04 0.172802E+04 0.301234E+03 0.524184E+02 0.909323E+01
 0.761354E+01 0.593431E+01 0.472505E+01 0.426859E+01 0.422688E+01 0.434555E+01
 0.465462E+01 0.480895E+01 0.482234E+01 0.484320E+01 0.471523E+01 0.458185E+01
 0.460036E+01 0.474886E+01 0.488422E+01 0.498521E+01 0.530431E+01 0.530431E+01
 0.530431E+01 0.530431E+01 0.530431E+01 0.530431E+01 0.530431E+01 0.530431E+01
 0.365709E+04 0.206219E+04 0.101516E+04 0.212518E+03 0.445009E+02 0.926556E+01
 0.808500E+01 0.662460E+01 0.525608E+01 0.464490E+01 0.448654E+01 0.449685E+01
 0.466406E+01 0.476263E+01 0.478615E+01 0.478501E+01 0.469968E+01 0.461861E+01
 0.459226E+01 0.468953E+01 0.463066E+01 0.463871E+01 0.474506E+01 0.474506E+01
 0.474506E+01 0.474506E+01 0.474506E+01 0.474506E+01 0.474506E+01 0.474506E+01
 0.217408E+04 0.120369E+04 0.528495E+03 0.141546E+03 0.374880E+02 0.100024E+02
 0.840202E+01 0.699298E+01 0.545149E+01 0.476805E+01 0.456649E+01 0.452990E+01
 0.465241E+01 0.471342E+01 0.475507E+01 0.493240E+01 0.491807E+01 0.479710E+01
 0.468705E+01 0.477461E+01 0.466465E+01 0.452071E+01 0.457801E+01 0.457801E+01
 0.457801E+01 0.457801E+01 0.457801E+01 0.457801E+01 0.457801E+01 0.457801E+01
 0.134107E+04 0.712917E+03 0.294906E+03 0.981530E+02 0.315455E+02 0.104764E+02
 0.840202E+01 0.699298E+01 0.545149E+01 0.476805E+01 0.456649E+01 0.452990E+01
 0.465241E+01 0.471342E+01 0.475507E+01 0.493240E+01 0.491807E+01 0.479710E+01
 0.468705E+01 0.477461E+01 0.466465E+01 0.452071E+01 0.457801E+01 0.457801E+01
 0.457801E+01 0.457801E+01 0.457801E+01 0.457801E+01 0.457801E+01 0.457801E+01
 0.430000E+03 0.293544E+03 0.163988E+03 0.659816E+02 0.261185E+02 0.106708E+02
 0.840202E+01 0.699298E+01 0.545149E+01 0.476805E+01 0.456649E+01 0.452990E+01
 0.465241E+01 0.471342E+01 0.475507E+01 0.493240E+01 0.491807E+01 0.479710E+01
 0.468705E+01 0.477461E+01 0.466465E+01 0.452071E+01 0.457801E+01 0.457801E+01
 0.457801E+01 0.457801E+01 0.457801E+01 0.457801E+01 0.457801E+01 0.457801E+01
